OF18,OF22,OF25,OF27,OF28,F50,SFST_Benefit
0.07,2,1,2272,1,5,5.702
0.22,2,3,2272,2,4,4.893
0.13,1,2,2314,2,5,6.614
0.0356,2,3,2180,0,4,2.268
0.08,1,2,2062,2,4,6.771
0.49,2,1,1846,2,5,6.072
0.3008,3,1,1936,2,1,7.392
0.51,2,2,1657,2,5,6.317
0.43,2,3,1342,0,5,3.235
0.52,2,3,1985,0,4,2.597
0.08,2,2,1757,2,5,7.039
0.59,2,3,1985,0,5,2.27
0.38,1,1,1833,2,2,6.335
0.07,2,1,1426,0,5,3.363
0.23,2,3,1815,1,5,4.03
0.72,3,3,1455,0,5,1.038
0.66,2,2,1357,0,5,1.827
0.079,1,1,1666,2,5,5.514
0.56,1,3,1345,2,5,3.529
0.46,3,3,1859,2,5,2.045
0.038,2,3,1670,0,5,2.719
0.7,2,3,1579,2,4,2.163
0.1837,2,3,1865,2,3,4.864
0.1,2,3,2194,0,4,2.22
0.77,3,2,1337,2,5,3.696
0.25,2,3,2232,2,4,3.004
0.76,3,3,1363,0,5,0.0
0.35,2,1,2166,0,5,2.35
0.7,3,3,1730,2,5,2.791
0.76,3,3,1579,0,5,0.0
0.31,2,3,1609,2,5,3.694
0.1969,2,2,1697,2,4,5.736
0.322,1,2,1991,2,5,5.992
0.3181,2,1,1853,2,4,3.284
0.252,2,1,2147,2,5,5.308
0.4,2,3,1496,2,5,3.444
0.52,1,1,1846,2,5,5.077
0.62,1,3,1523,0,5,2.206
0.46,2,3,1730,2,4,2.479
0.29,2,1,2078,2,5,5.179
0.17,2,1,1933,2,3,3.693
0.004,2,2,2034,0,5,4.588
0.05,2,1,2041,2,4,5.839
0.53,2,3,1909,2,5,3.702
0.005,1,2,2169,1,5,6.637
0.286,2,1,1881,2,4,3.331
0.38,2,1,1904,2,4,5.221
0.3122,2,2,1846,0,5,3.945
0.01,1,3,2224,2,3,5.974
0.47,3,2,1890,0,5,3.291
0.77,3,3,1512,0,4,0.0
0.279,1,2,2073,0,4,5.07
0.48,2,3,1854,2,5,3.714
0.016,1,2,2062,2,5,6.506
0.03,2,2,2082,2,5,6.031
0.09,1,3,1516,2,4,4.741
0.08,2,2,1523,0,5,3.93
0.16,1,3,1865,2,4,5.017
0.01,2,1,1933,0,4,4.352
0.005,2,2,2024,2,4,0.0
0.4,2,1,1916,0,5,0.0
0.03,1,2,2026,2,5,6.447
0.1345,1,2,2009,0,5,3.032
0.07,3,1,2188,2,3,5.85
0.03,2,1,1893,2,5,5.352
0.51,2,3,1624,2,5,2.14
0.56,1,2,2254,0,4,4.864
0.25,2,3,2141,0,3,3.637
0.005,1,3,2109,2,5,5.143
0.8,3,0,1363,0,5,0.0
0.37,3,1,2122,2,5,4.636
0.26,2,3,2314,0,5,0.0
0.2,2,3,2082,0,4,0.0
0.25,2,2,2141,0,2,3.389
0.38,1,3,2039,0,5,0.0
0.42,2,1,1677,2,5,4.562
0.04,2,3,1950,0,4,3.375
0.13,2,3,1903,0,5,0.0
0.096,1,3,2092,0,5,0.0
0.14,2,1,2236,0,5,4.135
0.22,1,3,2192,0,5,0.0
0.54,1,3,2272,0,4,2.177
0.45,4,3,1358,0,5,0.0
0.24,2,3,1955,2,5,4.166
0.82,4,1,2183,2,5,0.0
0.308,2,1,2079,2,5,5.155
0.71,1,1,1523,0,5,1.894
0.5,2,2,2221,0,4,4.438
0.83,3,3,2043,0,5,0.946
0.42,3,3,1854,2,5,0.0
0.3,3,3,2283,0,4,0.0
0.52,3,3,1339,2,5,0.0
0.146,1,3,2139,2,4,0.0
0.3,1,1,1608,2,4,5.493
0.01,2,2,1426,2,5,3.346
0.04,2,2,1799,2,5,5.712
0.57,2,3,1329,2,3,3.735
0.6,1,3,1418,0,5,2.122
0.0787,1,3,1670,2,5,0.0
0.58,4,3,1551,0,5,0.0
0.58,3,3,1551,0,5,0.0
0.1,3,1,1945,2,4,3.243
0.03,3,1,2181,0,5,0.0
0.061,3,3,2038,2,5,0.0
0.469,3,2,2083,2,5,4.929
0.907,2,2,1669,1,5,4.334
0.03,1,2,2026,2,5,0.0
0.47,1,2,2008,2,5,3.624
0.26,1,3,2003,1,5,4.665
0.01,2,3,2194,2,5,4.752
0.0202,3,2,1883,2,5,5.355
0.86,3,2,1911,0,5,0.0
0.1,3,3,2217,0,4,0.0
0.29,2,3,1735,2,5,2.411
0.111,1,2,1864,2,4,0.0
0.378,4,3,2175,0,5,0.0
0.76,3,3,1973,0,5,0.0
0.36,3,3,2166,0,5,0.0
0.47,4,3,2079,0,5,0.0
0.634,1,3,2032,0,5,0.0
0.2115,1,2,1888,2,5,0.0
0.127,3,3,2232,0,5,1.7
0.106,3,3,2232,0,5,1.719
0.49,2,3,2217,2,5,0.0
0.36,2,2,2228,2,4,3.796
0.3,1,2,2026,2,5,3.788
0.01,1,2,1987,2,5,6.434
0.16,2,2,1968,0,5,2.684
0.56,2,2,1479,2,5,2.891
0.6,3,3,2195,0,5,0.0
0.6,3,3,2195,0,5,0.0
0.39,3,3,2009,0,5,0.0
0.31,3,3,2241,0,5,0.0
0.26,1,3,2292,2,5,4.976
0.77,3,3,1493,2,5,0.0
0.73,1,2,1418,0,5,3.364
0.42,1,3,1340,0,5,2.295
0.54,3,1,1887,0,5,1.695
0.16,1,3,1632,2,5,4.409
0.41,1,3,1348,1,4,4.103
0.55,1,3,1407,0,5,1.363
0.025,3,2,2017,2,5,5.492
0.2,2,1,1971,2,5,5.193
0.005,2,3,2039,0,5,0.0
0.75,2,1,1363,0,5,0.0
0.28,3,3,1824,2,5,0.0
0.006,1,0,2146,2,5,0.0
0.49,2,2,1421,0,4,3.591
0.75,2,3,1337,0,5,0.672
0.82,3,3,1408,2,5,0.0
0.23,2,1,1624,0,4,0.0
0.16,3,3,2075,0,5,0.0
0.47,3,3,1692,0,5,0.0
0.001,2,2,1945,2,3,6.639
0.08,1,2,2254,2,5,6.621
0.01,2,1,2241,0,3,5.04
0.37,2,2,1971,0,5,0.0
0.212,3,3,2039,2,5,0.0
0.12,1,2,2092,0,4,0.0
0.28,2,3,1974,1,5,4.129
0.67,3,3,1706,2,3,2.201
0.156,2,2,1947,2,5,0.0
0.45,2,2,1428,0,5,2.062
0.17204,2,2,1801,0,5,0.0
0.44,1,3,1943,0,4,0.0
0.412,1,1,2062,0,4,4.392
0.279,1,2,1947,2,4,6.363
0.25,2,3,2038,2,5,2.12
0.6162,2,3,2029,2,5,0.0
0.15,3,3,2241,0,4,0.0
0.12,2,3,2341,2,5,0.0
0.18,0,3,2341,0,5,0.0
0.16,3,3,2075,0,4,0.0
0.51,3,3,1698,0,5,0.999
0.53,3,3,1677,2,5,0.0
0.81,3,3,1464,0,5,0.0
0.01,1,3,1516,2,4,4.856
0.19,2,2,2118,2,5,5.841
0.27,3,2,2140,2,4,2.816
0.12,2,3,2181,0,3,0.0
0.603,2,2,2077,2,4,3.478
0.528,2,3,1835,0,5,2.197
0.17,3,2,1911,0,5,0.0
0.34,2,0,2011,0,5,1.659
0.5,2,3,1380,0,5,0.874
0.6,2,3,1380,0,5,0.0
0.00085,1,2,1970,2,5,6.428
0.086,1,2,2207,0,5,5.133
0.75,1,2,2202,0,5,2.612
0.166,1,3,2111,2,5,0.0
0.865,2,3,2099,0,5,0.0
0.29,2,0,1987,2,4,0.0
0.66,2,3,1357,0,5,1.494
0.0129,2,3,2080,2,5,0.0
0.72,2,3,1329,2,5,0.0
0.72,2,3,1329,0,5,0.0
0.41,3,3,1342,0,5,0.0
0.41,3,3,1342,0,5,0.0
0.24,1,3,1907,2,5,4.59
0.24,3,3,1907,0,5,0.0
0.59,3,3,1437,2,5,0.0
0.11,3,3,1954,2,5,2.421
0.54,2,1,1486,0,5,2.757
0.26,1,2,1767,2,5,5.84
0.06,2,2,1950,2,3,6.561
0.19,2,2,2065,2,5,5.784
2146.0,2,2,2146,2,5,-3059.572
0.1,2,3,2065,1,4,4.841
0.9,1,1,2169,2,5,0.0
0.39,2,2,1538,2,4,5.289
