Wetland Type - Provincial Class,Wetland Type - Federal Class,Water Regime Indicator,Specific Vegetation Type,% Vegetation Cover for Specific Vegetation Cover Types,% High Woody Canopy Cover (>5m),% Moss Cover,Phragmites present (Y/N),Soil Type,% of Surface Water Present,Depth of Saturation (cm),Average Depth of Living Moss (cm),Average Total Depth of Organics,Average Organic Depth (cm),Hydrogeomorphic Class,WS,WS_Function
0,0,0,0,0,0,0,0,0,0,0,2.3,55.0,48.7,0,8.42,2
1,1,1,1,0,1,1,0,1,1,0,2.3,55.0,48.7,1,4.46,1
1,1,2,2,1,1,1,1,1,2,1,2.3,55.0,48.7,2,0.01355166572557872,0
0,0,0,0,0,2,2,0,0,3,0,2.3,55.0,250.0,0,7.43,2
0,2,0,0,0,0,0,0,0,0,0,2.3,55.0,94.3,0,9.01,2
2,3,0,0,2,1,0,0,0,0,0,2.3,55.0,94.0,0,9.01,2
0,2,0,0,0,0,0,0,0,0,0,2.3,55.0,88.0,0,6.64,2
0,0,0,1,2,1,0,0,0,4,0,2.3,55.0,86.3,0,6.101778656126483,1
2,4,1,3,0,1,2,0,0,2,0,2.3,55.0,80.7,1,0.1383399209486164,0
3,5,0,4,0,3,0,0,0,4,1,2.3,55.0,71.0,1,7.43,2
0,2,0,0,2,2,2,0,0,4,0,2.3,55.0,58.3,1,6.927583286278939,2
2,4,0,0,2,1,2,0,0,5,0,2.3,55.0,58.0,1,3.77,1
2,4,0,1,2,1,0,0,0,4,0,2.3,55.0,55.0,0,4.54,1
0,0,0,1,2,1,0,0,0,3,0,2.3,55.0,53.3,0,8.221343873517789,2
2,3,3,1,2,1,2,0,0,6,0,2.3,55.0,42.7,3,2.61829474872953,0
3,6,0,4,0,3,2,0,2,4,0,2.3,55.0,32.7,1,4.229249011857707,1
4,6,3,5,2,2,3,0,2,4,0,2.3,55.0,27.0,1,3.4,1
1,7,1,1,1,1,1,0,2,5,0,2.3,55.0,26.7,4,2.19,0
2,4,0,1,0,1,2,0,2,4,0,2.3,55.0,26.0,1,7.065923207227555,2
4,5,3,5,2,0,1,2,1,4,0,2.3,55.0,22.3,4,1.6,0
1,7,1,1,0,1,1,3,2,1,0,2.3,55.0,21.0,1,1.11,0
1,1,3,1,2,1,3,0,2,2,0,2.3,20.0,20.0,1,5.12,1
4,5,3,5,0,0,4,0,1,4,0,2.3,55.0,18.3,1,3.0,1
4,6,3,5,0,1,2,0,1,0,1,2.3,55.0,0.0,1,4.6,1
0,2,0,0,0,1,0,0,0,3,0,17.7,127.0,109.3,0,7.080039525691701,2
3,5,2,2,1,3,3,1,0,4,1,12.2,80.7,68.5,2,0.4703557312252964,0
2,4,3,1,2,1,0,0,0,4,0,11.7,151.3,139.6,0,3.147939017504235,1
1,7,2,2,1,0,2,1,0,5,1,11.7,90.0,78.3,2,0.6024844720496896,0
4,5,2,2,1,1,0,1,0,3,1,11.7,67.0,55.3,2,6.640316205533598,2
2,4,0,4,2,2,0,0,0,4,0,10.7,56.7,46.0,0,7.080039525691701,2
2,4,2,2,1,0,0,1,0,3,1,10.3,61.3,51.0,2,5.479249011857707,1
0,0,0,0,2,1,0,0,0,4,0,10.0,98.7,88.7,1,6.55,2
2,4,1,1,3,1,2,0,0,5,0,10.0,62.7,52.7,0,4.630152456239413,1
0,2,0,0,2,1,0,0,0,4,0,10.0,62.7,52.7,0,6.620553359683794,2
0,0,0,0,2,1,0,0,0,3,0,10.0,44.0,34.0,0,8.22,2
2,3,2,2,1,1,2,1,0,4,1,9.8,300.3,290.5,2,5.50395256916996,1
0,2,0,1,2,1,0,0,0,3,0,9.7,67.3,57.59999999999999,1,6.27,1
3,5,2,2,1,0,0,1,0,3,1,9.3,500.0,500.0,2,9.209486166007906,2
2,4,1,1,2,1,2,0,0,5,0,9.0,408.0,399.0,6,4.33,1
3,5,2,2,1,3,2,1,0,3,1,9.0,73.8,64.8,2,6.640316205533598,2
2,3,0,0,2,1,2,0,0,4,0,8.7,66.7,58.0,1,4.88,1
2,3,0,1,0,1,0,0,0,5,0,8.3,500.0,500.0,7,2.396950875211744,0
0,8,2,2,1,0,0,1,0,3,1,8.3,107.3,99.0,2,7.430830039525692,2
2,3,1,4,0,0,2,0,0,5,0,8.3,82.3,74.0,1,1.2,0
2,4,0,0,0,0,0,0,0,3,0,8.3,79.3,71.0,0,7.87,2
2,4,1,1,0,1,2,0,0,1,0,8.3,70.0,61.7,5,1.71,0
0,8,0,0,2,1,0,0,0,5,0,8.0,64.0,56.0,0,2.88,1
0,8,2,2,1,1,0,1,0,3,1,7.8,128.7,120.9,2,6.640316205533598,2
2,3,1,0,2,1,2,0,0,5,0,7.7,500.0,500.0,1,4.402879728966687,1
0,0,0,4,0,3,2,0,0,4,0,7.7,257.7,250.0,0,9.21,2
0,2,0,1,2,1,0,0,0,4,0,7.7,229.7,222.0,1,6.546442687747036,2
0,0,0,4,2,2,0,0,0,3,0,7.7,179.0,171.3,0,6.35,1
0,8,2,2,1,1,3,1,0,3,1,7.7,97.7,90.0,2,7.430830039525692,2
2,3,0,0,3,1,0,0,0,3,0,7.7,68.3,60.6,1,6.28,1
2,3,0,1,2,1,2,1,0,4,0,7.7,63.5,55.8,7,0.38,0
3,6,0,4,3,3,2,0,1,5,0,7.7,31.0,23.3,1,0.52,0
0,0,0,0,0,1,0,0,0,3,0,7.3,213.0,205.7,0,8.22,2
2,3,0,0,3,1,0,0,0,3,0,7.3,68.7,61.4,1,6.28,1
3,5,1,4,0,3,2,0,0,5,0,7.3,53.7,46.4,1,3.73,1
4,6,1,0,2,2,0,0,2,5,0,7.3,23.3,16.0,8,5.021456804065501,1
0,2,0,0,2,1,0,0,0,4,0,7.0,264.0,257.0,0,6.546442687747036,2
2,4,0,0,0,1,0,0,0,0,1,7.0,70.0,63.0,0,1.36,0
0,0,0,1,2,1,0,0,0,4,0,6.7,115.3,108.6,0,6.74407114624506,2
2,4,0,1,2,1,0,0,0,5,0,6.7,105.0,98.3,6,2.94,1
0,0,0,4,2,0,0,0,0,3,0,6.3,97.0,90.7,0,5.48,1
3,6,0,4,3,3,0,0,2,4,0,6.3,32.7,26.4,8,5.48,1
4,6,0,5,0,2,3,0,2,5,0,6.3,31.7,25.4,1,0.86,0
4,6,1,5,0,2,2,0,2,1,0,6.3,31.7,25.4,1,1.51,0
0,8,2,2,1,2,3,1,0,3,1,6.2,35.3,29.1,2,4.268774703557312,1
2,4,1,0,0,1,2,0,0,1,0,6.0,78.0,72.0,1,3.73,1
0,0,0,4,2,3,0,0,0,4,0,6.0,67.0,61.0,0,5.06,1
3,5,1,4,0,3,2,0,0,5,0,6.0,58.3,52.3,1,4.21,1
3,5,0,4,3,0,0,0,0,3,0,6.0,57.7,51.7,1,6.28,1
0,0,0,0,0,2,2,0,0,4,0,6.0,57.0,51.0,0,5.31,1
2,4,0,4,3,2,0,0,0,3,0,5.7,243.0,237.3,1,6.28,1
2,4,0,0,3,1,0,0,0,3,0,5.7,97.7,92.0,1,6.28,1
0,0,0,0,2,2,0,0,0,3,0,5.7,85.3,79.6,1,1.15,0
2,3,0,4,0,2,2,0,0,5,0,5.7,60.3,54.6,1,3.22,1
3,5,1,1,2,1,4,0,1,2,0,5.7,48.0,42.3,9,6.546442687747036,2
0,0,0,0,2,2,0,0,2,4,0,5.7,22.0,16.3,8,6.55,2
1,1,1,1,2,1,4,0,1,2,0,5.7,12.7,6.999999999999999,9,1.800112930547713,0
2,4,2,2,1,1,3,1,0,3,1,5.5,45.0,39.5,2,0.864624505928854,0
2,3,0,0,0,3,2,0,0,5,0,5.3,232.0,226.7,1,-0.21,0
0,0,0,0,0,1,0,0,0,4,0,5.3,161.3,156.0,1,6.93,2
1,7,1,0,0,1,2,0,0,1,0,5.3,100.7,95.4,4,2.36,0
0,0,0,4,3,1,0,0,0,4,0,5.3,93.3,88.0,1,9.21,2
0,2,0,1,2,1,0,0,0,4,0,5.0,500.0,500.0,0,5.953557312252964,1
0,2,0,0,0,1,0,0,0,4,0,5.0,500.0,500.0,0,5.31,1
0,2,0,1,0,1,0,0,0,3,0,5.0,500.0,500.0,0,6.74407114624506,2
2,4,0,0,0,0,2,0,0,4,0,5.0,85.7,80.7,1,3.05,1
1,7,1,5,2,1,3,0,0,1,0,5.0,76.0,71.0,4,1.42,0
0,0,0,1,2,1,0,0,0,4,0,5.0,51.7,46.7,0,8.221343873517789,2
3,6,0,4,0,3,2,0,2,4,0,5.0,29.0,24.0,1,-0.25,0
2,4,0,1,0,1,0,0,0,3,0,4.7,500.0,500.0,1,6.55,2
0,2,0,4,2,2,0,0,0,4,0,4.7,165.0,160.3,1,6.74407114624506,2
2,4,1,0,0,1,2,0,0,5,0,4.7,139.0,134.3,1,0.74,0
1,1,1,1,0,1,3,0,1,2,0,4.7,14.0,9.3,7,1.41,0
2,3,0,4,2,1,2,0,0,3,0,4.3,128.7,124.3,0,6.15,1
0,8,0,0,0,1,0,0,0,3,0,4.3,91.3,87.0,0,9.21,2
1,7,2,2,1,1,3,1,0,2,1,4.0,130.0,126.0,2,-0.2680688876341052,0
2,3,0,0,0,2,0,0,0,3,0,4.0,88.0,84.0,1,9.21,2
3,5,2,2,1,3,2,1,0,3,1,4.0,80.3,76.3,2,0.7786561264822143,0
3,6,2,2,1,0,4,1,0,4,1,4.0,80.0,76.0,2,5.75592885375494,1
4,5,0,0,2,1,2,0,0,5,0,3.7,110.7,107.0,1,7.46,2
3,6,0,4,0,3,2,0,2,4,0,3.7,29.3,25.6,1,6.02,1
2,3,1,1,2,1,3,0,2,5,0,3.3,36.3,33.0,1,7.49,2
4,6,1,5,0,2,3,0,2,5,0,3.0,27.0,24.0,4,1.47,0
2,3,0,0,0,1,2,0,1,4,2,3.0,15.0,12.0,1,7.44,2
2,4,0,1,0,1,2,0,0,4,0,2.7,143.3,140.6,1,7.461180124223602,2
3,5,0,4,0,1,2,0,0,4,0,2.7,98.7,96.0,1,3.2,1
0,0,0,1,2,1,2,0,0,4,0,2.7,48.3,45.59999999999999,0,6.85,2
4,5,0,5,2,1,2,0,0,4,0,2.3,67.3,65.0,7,2.760587238848108,1
2,4,1,0,2,1,3,0,0,1,0,2.3,62.3,60.0,1,3.53,1
3,6,0,4,2,3,2,0,2,4,0,2.3,31.7,29.4,1,6.53,2
3,6,0,4,0,3,2,0,2,3,0,2.3,23.3,21.0,8,6.35,1
2,4,1,4,0,0,2,0,0,5,0,2.0,103.7,101.7,1,2.55,0
3,5,0,4,3,3,2,0,0,4,0,2.0,48.3,46.3,0,6.35,1
4,6,1,5,0,1,2,3,0,1,0,2.0,38.7,36.7,1,1.4,0
1,1,1,0,2,1,3,0,1,1,0,2.0,34.0,32.0,1,0.86,0
1,7,0,1,0,1,3,0,0,4,0,1.7,62.0,60.3,7,2.06,0
3,6,3,4,2,0,2,0,0,4,2,1.7,41.3,39.59999999999999,0,7.613636363636362,2
0,0,0,4,0,3,2,0,2,4,0,1.7,27.7,26.0,0,9.41,2
4,6,1,5,2,1,4,0,1,1,0,1.7,14.7,13.0,1,1.31,0
4,6,0,5,2,1,4,0,2,4,2,1.3,29.3,28.0,6,2.3,0
1,7,0,1,0,1,4,0,0,1,0,1.0,45.0,44.0,4,1.74,0
4,5,1,5,0,1,4,0,0,5,0,1.0,33.0,32.0,6,1.19,0
3,6,1,4,2,3,2,0,2,5,0,1.0,29.7,28.7,7,1.902879728966685,0
3,5,0,4,3,3,4,0,0,3,0,0.7,83.3,82.6,0,9.41,2
3,5,0,4,0,3,2,0,0,4,0,0.7,74.0,73.3,1,3.58498023715415,1
3,6,3,6,2,0,2,0,1,4,0,0.7,7.7,7.0,1,8.09,2
3,5,3,4,0,3,4,0,0,4,0,0.3,40.3,40.0,7,2.476002258610954,0
3,6,3,4,2,3,3,0,2,4,0,0.3,26.0,25.7,6,5.26,1
4,6,1,0,0,0,4,0,2,5,0,0.3,23.7,23.4,4,2.09,0
1,1,0,1,0,1,1,0,1,4,0,0.3,6.7,6.4,7,5.02540937323546,1
2,4,2,2,1,0,3,1,0,4,1,0.0,500.0,500.0,2,4.36,1
4,5,1,5,2,1,1,0,0,1,0,0.0,500.0,500.0,6,4.54,1
0,8,2,2,1,2,2,1,0,3,1,0.0,270.7,270.7,2,8.41897233201581,2
0,0,0,0,2,1,3,0,0,4,0,0.0,198.0,198.0,0,6.55,2
1,7,1,1,2,1,4,0,0,5,0,0.0,158.0,158.0,7,1.843591191417278,0
4,5,1,5,2,1,1,0,0,2,0,0.0,149.0,149.0,7,5.08,1
1,7,1,1,2,1,4,0,0,5,0,0.0,144.0,144.0,9,3.082439299830604,1
1,7,1,1,0,1,1,0,0,1,0,0.0,118.0,118.0,1,0.6,0
1,7,1,1,0,1,1,0,0,6,0,0.0,100.0,100.0,7,1.43647656691135,0
1,7,1,0,2,1,1,0,0,1,0,0.0,96.7,96.7,1,2.04,0
4,5,0,0,0,1,1,0,0,4,2,0.0,95.0,95.0,9,3.635234330886505,1
4,5,2,2,1,2,1,1,0,4,1,0.0,85.3,85.3,2,-0.3342744212309428,0
1,7,1,1,3,1,1,0,0,5,0,0.0,68.0,68.0,10,2.18351214003388,0
1,7,1,1,0,2,4,0,0,1,0,0.0,64.0,64.0,1,2.1,0
4,5,1,5,3,1,1,0,0,1,0,0.0,63.3,63.3,1,1.92,0
1,7,1,1,2,1,1,3,2,5,0,0.0,61.7,61.7,1,1.52,0
4,5,2,2,1,3,4,1,0,4,1,0.0,59.7,59.7,2,0.3083003952569168,0
1,7,1,1,0,1,1,0,0,2,0,0.0,56.7,56.7,7,3.98,1
1,7,3,1,0,1,1,0,0,4,2,0.0,48.7,48.7,7,1.893986448334274,0
1,7,1,1,3,1,1,3,0,1,0,0.0,48.0,48.0,4,2.66,0
2,3,3,1,2,1,3,0,0,2,0,0.0,47.0,47.0,7,2.0214568040655,0
4,5,3,5,2,1,1,0,0,4,3,0.0,46.7,46.7,5,2.19,0
4,5,3,5,3,1,1,0,0,4,0,0.0,46.0,46.0,9,1.592603049124788,0
3,5,3,4,0,3,4,0,0,4,2,0.0,42.3,42.3,1,5.54,1
1,7,1,1,0,1,1,0,0,1,0,0.0,40.3,40.3,1,1.49,0
4,6,0,5,0,1,1,0,2,4,0,0.0,33.0,33.0,11,3.01,1
1,1,1,1,0,1,1,0,2,1,0,0.0,32.7,32.7,1,1.37,0
3,6,0,4,0,3,2,0,2,3,3,0.0,31.7,31.7,12,0.51,0
4,6,3,0,1,1,4,0,2,4,0,0.0,31.3,31.3,9,1.641727837380011,0
3,6,3,4,0,3,3,0,2,4,0,0.0,31.0,31.0,1,6.68,2
1,1,0,1,0,1,1,0,2,4,0,0.0,30.7,30.7,7,5.57,1
1,1,1,1,2,1,4,0,2,5,0,0.0,28.7,28.7,6,5.11,1
4,6,3,5,0,1,4,0,2,3,3,0.0,27.3,27.3,6,5.86,1
1,1,1,1,2,1,4,0,2,1,0,0.0,25.0,25.0,6,4.91,1
4,6,1,0,0,1,4,0,2,5,0,0.0,24.0,24.0,7,2.450310559006211,0
1,1,3,1,0,1,4,0,2,4,2,0.0,23.3,23.3,7,2.4,0
1,1,1,1,0,1,1,0,2,2,0,0.0,21.7,21.7,8,1.71,0
1,1,0,1,2,1,4,0,2,4,0,0.0,21.3,21.3,6,5.03,1
4,6,1,5,0,1,1,0,1,5,0,0.0,21.0,21.0,1,0.49,0
3,6,3,4,0,3,4,0,1,4,0,0.0,18.3,18.3,12,4.67,1
4,6,2,2,1,0,1,1,2,4,1,0.0,18.0,18.0,2,1.171654432523998,0
1,1,2,2,1,1,1,1,2,4,1,0.0,17.7,17.7,2,1.813241106719368,0
4,6,0,5,2,1,4,0,1,4,0,0.0,17.3,17.3,7,5.18,1
4,6,1,5,2,0,4,0,1,4,0,0.0,17.0,17.0,6,2.53,0
4,6,3,0,2,1,1,0,1,5,0,0.0,16.7,16.7,1,5.756634669678149,1
3,6,0,4,2,0,1,0,1,4,3,0.0,16.7,16.7,5,2.48,0
1,1,3,1,0,1,1,0,1,5,0,0.0,15.7,15.7,8,2.7,1
1,1,1,1,2,1,1,0,1,1,0,0.0,15.0,15.0,4,1.66,0
4,6,1,0,0,0,3,0,1,4,1,0.0,14.0,14.0,4,0.87,0
3,6,0,4,0,3,3,0,1,4,0,0.0,12.7,12.7,8,6.783596837944664,2
3,6,0,6,2,0,3,0,1,4,0,0.0,12.3,12.3,12,5.296442687747035,1
4,6,1,5,2,1,1,0,1,5,0,0.0,9.7,9.7,1,1.34,0
4,6,3,5,0,1,1,0,1,4,0,0.0,9.0,9.0,4,2.04,0
3,6,3,4,0,3,1,0,1,4,0,0.0,9.0,9.0,4,10.4,2
4,6,0,5,0,1,4,0,1,4,0,0.0,9.0,9.0,6,2.14,0
1,1,3,1,0,1,1,0,1,5,0,0.0,9.0,9.0,7,4.368294748729531,1
1,1,1,1,2,0,1,0,1,1,0,0.0,8.3,8.3,1,1.51,0
4,6,3,5,0,1,1,0,1,5,0,0.0,8.3,8.3,4,2.693393562958781,0
4,6,0,5,2,0,1,0,1,4,0,0.0,7.0,7.0,4,2.72,1
1,1,3,1,2,1,1,0,1,2,0,0.0,4.0,4.0,1,5.158808582721626,1
4,6,1,1,2,1,1,0,1,6,0,0.0,4.0,4.0,7,1.93,0
4,6,0,5,0,2,4,0,1,5,0,0.0,2.3,2.3,9,1.632128740824393,0
1,1,1,1,0,1,1,0,1,2,0,0.0,2.0,2.0,1,7.411773009599097,2
1,1,2,2,1,1,1,1,1,4,1,0.0,1.3,1.3,2,1.112365894974591,0
1,1,2,2,1,1,1,1,1,2,1,0.0,1.0,1.0,2,0.5580180688876342,0
4,6,2,2,1,2,4,1,1,4,1,0.0,0.0,0.0,2,-0.5714285714285713,0
4,6,2,2,1,2,1,1,1,2,1,0.0,0.0,0.0,2,0.726990400903445,0
3,6,2,2,1,3,1,1,1,5,1,0.0,0.0,0.0,2,0.8949745906267642,0
5,9,2,2,1,1,1,1,1,2,1,0.0,0.0,0.0,2,-0.6900056465273857,0
3,6,3,6,0,3,1,0,1,4,0,0.0,0.0,0.0,4,8.13,2
1,1,1,1,2,1,1,0,1,1,0,0.0,0.0,0.0,4,0.88,0
4,6,1,5,2,2,1,0,1,5,0,0.0,0.0,0.0,4,1.81,0
4,6,3,5,3,1,1,0,1,4,2,0.0,0.0,0.0,9,1.77,0
