Wetland Type - Provincial Class,Wetland Type - Federal Class,Water Regime Indicator,Specific Vegetation Type,% Vegetation Cover for Specific Vegetation Cover Types,% High Woody Canopy Cover (>5m),% Moss Cover,Phragmites present (Y/N),Soil Type,% of Surface Water Present,Depth of Saturation (cm),Average Depth of Living Moss (cm),Average Total Depth of Organics,Average Organic Depth (cm),Hydrogeomorphic Class,SR,SR_Function,SR_Benefit,SR Benefit Rating,PR,PR_Function,PR_Benefit,PR Benefit Rating,NR,NR_Function,NR_Benefit,NR Benefit Rating,WS,WS_Function,WS_Benefit,WS Benefit Score
0,0,0,0,0,0,0,0,0,0,0,0.0,55.0,55.0,0,3.86,1,0.0,0,5.2,1,0.0,0,2.0,0,0.0,0,4.54,1,0.0,0
1,1,1,0,0,0,1,0,1,1,0,0.0,20.0,20.0,1,4.03,1,0.0,0,4.0,1,0.0,0,3.48,1,0.0,0,5.12,1,0.0,0
2,2,0,1,1,0,0,0,0,2,0,17.7,127.0,109.3,0,10.0,2,0.0,0,10.0,2,0.0,0,10.0,2,0.0,0,7.080039525691701,2,0.0,0
3,3,2,2,2,1,1,1,0,0,1,12.2,80.7,68.5,2,0.2253747884696043,0,0.0,0,6.518667088919388,2,2.990880757243449,1,0.832566522426146,0,10.0,2,0.4703557312252964,0,0.0,0
0,0,1,0,0,0,0,0,0,0,0,11.7,151.3,139.6,0,4.563335015589712,1,0.0,0,4.563335015589712,1,0.0,0,3.108100455389207,1,0.0,0,3.147939017504235,1,0.0,0
1,4,2,2,2,2,2,1,0,3,1,11.7,90.0,78.3,2,1.00855703727274,0,0.0,0,4.205566698335621,1,0.0,0,2.498158157442558,1,10.0,2,0.6024844720496896,0,0.0,0
4,3,2,2,2,0,0,1,0,2,1,11.7,67.0,55.3,2,3.517406962785114,1,0.0,0,10.0,2,0.0,0,10.0,2,10.0,2,6.640316205533598,2,0.0,0
0,0,0,3,0,3,0,0,0,0,0,10.7,56.7,46.0,0,10.0,2,0.0,0,10.0,2,0.0,0,10.0,2,0.0,0,7.080039525691701,2,0.0,0
0,0,2,2,2,2,0,1,0,2,1,10.3,61.3,51.0,2,10.0,2,0.0,0,10.0,2,0.0,0,10.0,2,0.0,0,5.479249011857707,1,10.0,2
2,5,0,1,0,0,0,0,0,0,0,10.0,98.7,88.7,1,10.0,2,0.0,0,10.0,2,0.0,0,10.0,0,0.0,0,6.55,2,0.0,0
0,0,3,0,3,0,2,0,0,3,0,10.0,62.7,52.7,0,4.166230605839581,1,3.926768300360328,1,4.976322011263424,1,5.508322751933511,2,2.744355814821626,1,0.0,0,4.630152456239413,1,0.0,0
2,2,0,1,0,0,0,0,0,0,0,10.0,62.7,52.7,0,10.0,2,10.0,2,10.0,2,10.0,2,10.0,2,10.0,2,6.620553359683794,2,0.0,0
2,5,0,1,0,0,0,0,0,2,0,10.0,44.0,34.0,0,6.4,1,0.0,0,10.0,2,0.0,0,10.0,2,0.0,0,8.22,2,0.0,0
0,6,2,2,2,0,2,1,0,0,1,9.8,300.3,290.5,2,10.0,2,0.0,0,10.0,2,5.3272538381623,2,10.0,2,5.213675213675213,1,5.50395256916996,1,0.0,0
2,2,0,0,0,0,0,0,0,2,0,9.7,67.3,57.59999999999999,1,10.0,0,0.0,0,10.0,2,0.0,0,10.0,2,0.0,0,6.27,1,0.0,0
3,3,2,2,2,2,0,1,0,2,1,9.3,450.0,450.0,2,6.51860744297719,1,0.0,0,10.0,2,0.0,0,10.0,2,4.017094017094017,1,9.209486166007906,2,0.0,0
2,7,2,2,2,0,2,1,0,2,1,9.3,136.0,126.7,2,7.478991596638656,2,0.0,0,10.0,2,2.990880757243449,1,10.0,2,10.0,2,10.0,2,0.0,0
0,0,3,0,0,0,2,0,0,3,0,9.0,408.0,399.0,3,3.67,1,10.0,2,4.93,1,10.0,2,2.41,1,10.0,2,4.33,1,0.0,0
3,3,2,2,2,1,2,1,0,2,1,9.0,73.8,64.8,2,4.237695078031212,1,0.0,0,4.112108096695872,1,4.159067297702875,1,3.51718709210715,1,3.846153846153846,1,6.640316205533598,2,0.0,0
0,6,0,1,0,0,2,0,0,0,0,8.7,66.7,58.0,1,0.87,0,4.09,1,4.09,1,5.77,2,0.39,0,3.72,1,4.88,1,0.0,1
0,6,0,0,1,0,0,0,0,3,0,8.3,450.0,450.0,4,4.699519652955847,1,3.777703753602361,1,4.34436384779465,1,5.864619646773636,2,2.386902455481337,1,0.0,0,2.396950875211744,0,0.0,0
2,7,2,2,2,2,0,1,0,2,1,8.3,107.3,99.0,2,5.198079231692677,1,0.0,0,10.0,2,0.0,0,10.0,2,3.568376068376068,1,7.430830039525692,2,0.0,0
0,6,3,3,1,2,2,0,0,3,0,8.3,82.3,74.0,1,0.33,0,4.4,1,4.48,1,5.93,2,0.18,0,3.72,1,1.2,0,0.0,0
0,0,0,1,1,2,0,0,0,2,0,8.3,79.3,71.0,0,6.4,1,0.0,0,10.0,2,0.0,0,10.0,2,10.0,2,7.87,2,0.0,0
0,0,3,0,1,0,2,0,0,4,0,8.3,70.0,61.7,5,3.34,0,4.15,1,5.75,2,5.85,2,2.61,1,3.72,1,1.71,0,0.0,0
2,7,0,1,0,0,0,0,0,3,0,8.0,64.0,56.0,0,2.46,0,0.0,0,6.82,2,0.0,0,2.37,1,0.0,0,2.88,1,0.0,0
2,7,2,2,2,0,0,1,0,2,1,7.8,128.7,120.9,2,3.517406962785114,1,0.0,0,10.0,2,2.990880757243449,1,10.0,2,10.0,2,6.640316205533598,2,0.0,0
0,6,3,1,0,0,2,0,0,3,0,7.7,450.0,450.0,1,2.042673997309767,0,0.0,0,4.727377224157548,1,0.0,0,2.549456257721821,1,0.0,0,4.402879728966687,1,0.0,0
2,5,0,3,1,1,2,0,0,0,0,7.7,257.7,250.0,0,7.12,2,0.0,0,10.0,2,0.0,0,10.0,2,0.0,0,9.21,2,10.0,2
2,2,0,0,0,0,0,0,0,0,0,7.7,229.7,222.0,1,10.0,2,0.0,0,10.0,2,0.0,0,10.0,2,0.0,0,6.546442687747036,2,0.0,0
2,5,0,3,0,3,0,0,0,2,0,7.7,179.0,171.3,0,10.0,2,0.0,0,10.0,2,0.0,0,10.0,2,0.0,0,6.35,1,0.0,0
2,7,2,2,2,0,1,1,0,2,1,7.7,97.7,90.0,2,5.678271308523408,1,0.0,0,10.0,2,0.0,0,10.0,2,10.0,2,7.430830039525692,2,0.0,0
0,6,0,1,3,0,0,0,0,2,0,7.7,68.3,60.6,1,2.44,0,0.0,0,10.0,2,0.0,0,10.0,2,0.0,0,6.28,1,10.0,2
0,6,0,0,0,0,2,1,0,0,0,7.7,63.5,55.8,4,1.28,0,4.52,1,4.26,1,5.84,2,1.18,0,3.72,1,0.38,0,0.0,0
3,8,0,3,3,1,2,0,2,3,0,7.7,31.0,23.3,1,-0.49,0,4.71,1,3.52,1,6.42,2,0.26,0,4.62,1,0.52,0,0.0,0
2,5,0,1,1,0,0,0,0,2,0,7.3,213.0,205.7,0,6.28,1,0.0,0,10.0,2,0.0,0,10.0,2,10.0,2,8.22,2,0.0,0
0,6,0,1,3,0,0,0,0,2,0,7.3,68.7,61.4,1,3.52,1,0.0,0,10.0,2,1.93,0,10.0,2,0.0,0,6.28,1,10.0,2
3,3,3,3,1,1,2,0,0,3,0,7.3,53.7,46.4,1,1.08,0,0.0,0,6.19,2,0.0,0,1.65,0,0.0,0,3.73,1,0.0,0
4,8,3,1,0,3,0,0,1,3,0,7.3,23.3,16.0,6,2.256947959906853,0,0.0,0,3.841467562780769,1,0.0,0,2.883196014612875,1,10.0,2,5.021456804065501,1,0.0,0
2,2,0,1,0,0,0,0,0,0,0,7.0,264.0,257.0,0,10.0,2,0.0,0,10.0,2,0.0,0,10.0,2,0.0,0,6.546442687747036,2,0.0,0
0,0,0,1,1,0,0,0,0,5,1,7.0,70.0,63.0,0,1.26,0,0.0,0,6.71,2,0.0,0,0.75,0,0.0,0,1.36,0,0.0,0
2,5,0,0,0,0,0,0,0,0,0,6.7,115.3,108.6,0,10.0,2,0.0,0,10.0,2,0.0,0,10.0,2,0.0,0,6.74407114624506,2,0.0,0
0,0,0,0,0,0,0,0,0,3,0,6.7,105.0,98.3,3,4.29,1,3.75,1,4.18,1,5.24,2,1.98,0,0.0,0,2.94,1,0.0,0
2,5,0,3,0,2,0,0,0,2,0,6.3,97.0,90.7,0,10.0,2,0.0,0,10.0,2,0.0,0,10.0,2,0.0,0,5.48,1,0.0,0
3,8,0,3,3,1,0,0,1,0,0,6.3,32.7,26.4,6,10.0,2,0.0,0,10.0,2,0.0,0,10.0,2,0.0,0,5.48,1,0.0,0
4,8,0,4,1,3,1,0,1,3,0,6.3,31.7,25.4,1,1.22,0,4.65,1,5.43,1,6.61,2,0.65,0,5.06,1,0.86,0,0.0,0
4,8,3,4,1,3,2,0,1,4,0,6.3,31.7,25.4,1,0.09,0,0.0,0,3.74,1,0.0,0,1.29,0,10.0,2,1.51,0,3.95,1
2,7,2,2,2,3,1,1,0,2,1,6.2,35.3,29.1,2,4.237695078031211,1,0.0,0,10.0,2,2.087205026302337,1,10.0,2,0.0,0,4.268774703557312,1,0.0,0
0,0,3,1,1,0,2,0,0,4,0,6.0,78.0,72.0,1,2.37,0,0.0,0,5.22,1,0.0,0,3.11,1,4.02,1,3.73,1,0.0,0
2,5,0,3,0,1,0,0,0,0,0,6.0,67.0,61.0,0,10.0,2,0.0,0,10.0,2,0.0,0,10.0,2,0.0,0,5.06,1,3.99,1
3,3,3,3,1,1,2,0,0,3,0,6.0,58.3,52.3,1,1.61,0,0.0,0,4.53,1,2.99,1,1.74,0,4.62,1,4.21,1,10.0,2
3,3,0,3,3,2,0,0,0,2,0,6.0,57.7,51.7,1,3.52,1,0.0,0,10.0,2,0.0,0,10.0,2,0.0,0,6.28,1,10.0,2
2,5,0,1,1,3,2,0,0,0,0,6.0,57.0,51.0,0,10.0,2,0.0,0,10.0,2,0.0,0,10.0,2,0.0,0,5.31,1,0.0,0
0,0,0,3,3,3,0,0,0,2,0,5.7,243.0,237.3,1,2.44,0,0.0,0,10.0,2,0.0,0,10.0,2,0.0,0,6.28,1,0.0,0
0,0,0,1,3,0,0,0,0,2,0,5.7,97.7,92.0,1,1.72,0,0.0,0,10.0,2,0.0,0,10.0,2,0.0,0,6.28,1,3.32,1
2,5,0,1,0,3,0,0,0,2,0,5.7,85.3,79.6,1,-0.27,0,0.0,0,3.95,1,0.0,0,-1.96,0,0.0,0,1.15,0,0.0,0
0,6,0,3,1,3,2,0,0,3,0,5.7,60.3,54.6,1,1.27,0,0.0,0,5.18,1,0.0,0,0.67,0,0.0,0,3.22,1,0.0,0
3,3,3,0,0,0,3,0,2,1,0,5.7,48.0,42.3,7,10.0,2,0.0,0,10.0,2,0.0,0,10.0,2,0.0,0,6.546442687747036,2,0.0,0
2,5,0,1,0,3,0,0,1,0,0,5.7,22.0,16.3,6,10.0,2,0.0,0,10.0,2,0.0,0,10.0,2,10.0,2,6.55,2,0.0,0
1,1,3,0,0,0,3,0,2,1,0,5.7,12.7,6.999999999999999,7,3.073673531374684,0,4.077743931051089,1,2.408991972171535,0,5.739039593674248,2,2.42215783927728,1,10.0,2,1.800112930547713,0,0.0,0
0,0,2,2,2,0,1,1,0,2,1,5.5,45.0,39.5,2,1.680672268907563,0,0.0,0,4.911930147336039,1,0.0,0,0.6774855791865263,0,10.0,2,0.864624505928854,0,0.0,0
0,6,0,1,1,1,2,0,0,3,0,5.3,232.0,226.7,1,0.54,0,3.86,1,5.24,1,5.41,2,0.27,0,3.72,1,-0.21,0,0.0,0
2,5,0,1,1,0,0,0,0,0,0,5.3,161.3,156.0,1,10.0,2,0.0,0,10.0,2,0.0,0,10.0,2,0.0,0,6.93,2,0.0,0
1,4,3,1,1,0,2,0,0,4,0,5.3,100.7,95.4,8,3.72,1,5.16,1,4.33,1,6.81,2,3.13,1,5.06,1,2.36,0,3.85,1
2,5,0,3,3,0,0,0,0,0,0,5.3,93.3,88.0,1,7.12,2,0.0,0,10.0,2,0.0,0,10.0,2,0.0,0,9.21,2,10.0,2
2,2,0,0,0,0,0,0,0,0,0,5.0,450.0,450.0,0,10.0,2,0.0,0,10.0,2,0.0,0,10.0,2,0.0,0,5.953557312252964,1,0.0,0
2,2,0,1,1,0,0,0,0,0,0,5.0,450.0,450.0,0,10.0,2,0.0,0,10.0,2,0.0,0,10.0,2,0.0,0,5.31,1,0.0,0
2,2,0,0,1,0,0,0,0,2,0,5.0,450.0,450.0,0,10.0,2,0.0,0,10.0,2,0.0,0,10.0,2,0.0,0,6.74407114624506,2,0.0,0
0,0,0,1,1,2,2,0,0,0,0,5.0,85.7,80.7,1,0.89,0,0.0,0,6.32,2,0.0,0,-0.05,0,10.0,2,3.05,1,4.02,1
1,4,3,4,0,0,1,0,0,4,0,5.0,76.0,71.0,8,1.95,0,4.61,1,5.65,2,6.52,2,1.65,0,10.0,2,1.42,0,0.0,0
2,5,0,0,0,0,0,0,0,0,0,5.0,51.7,46.7,0,6.398559423769507,1,0.0,0,10.0,2,0.0,0,10.0,2,0.0,0,8.221343873517789,2,0.0,0
3,8,0,3,1,1,2,0,1,0,0,5.0,29.0,24.0,1,0.48,0,0.0,0,4.24,1,0.0,0,-0.68,0,10.0,2,-0.25,0,0.0,0
0,0,0,0,1,0,0,0,0,2,0,4.7,450.0,450.0,1,10.0,2,0.0,0,10.0,2,0.0,0,10.0,2,0.0,0,6.55,2,0.0,0
2,7,0,1,3,0,0,0,0,0,0,4.7,254.7,250.0,0,7.48,2,0.0,0,10.0,2,0.0,0,10.0,2,0.0,0,10.0,2,0.0,0
2,2,0,3,0,3,0,0,0,0,0,4.7,165.0,160.3,1,10.0,2,0.0,0,10.0,2,0.0,0,10.0,2,0.0,0,6.74407114624506,2,0.0,0
0,0,3,1,1,0,2,0,0,3,0,4.7,139.0,134.3,1,1.13,0,4.27,1,6.59,2,6.04,2,0.1,0,4.62,1,0.74,0,0.0,0
1,1,3,0,1,0,1,0,2,1,0,4.7,14.0,9.3,4,3.62,1,10.0,2,3.72,2,10.0,2,3.29,1,10.0,2,1.41,0,0.0,0
0,6,0,3,0,0,2,0,0,2,0,4.3,128.7,124.3,0,10.0,2,0.0,0,10.0,2,0.0,0,10.0,2,10.0,2,6.15,1,0.0,0
2,7,0,1,1,0,0,0,0,2,0,4.3,91.3,87.0,0,6.04,1,10.0,2,10.0,2,10.0,2,10.0,2,10.0,2,9.21,2,0.0,0
1,4,2,2,2,0,1,1,0,1,1,4.0,130.0,126.0,2,2.658599369179684,0,4.784844986185036,1,6.264159289811141,2,10.0,2,2.921918136454289,1,10.0,2,-0.2680688876341052,0,0.0,0
0,6,0,1,1,3,0,0,0,2,0,4.0,88.0,84.0,1,6.04,1,0.0,0,10.0,2,0.0,0,10.0,2,10.0,2,9.21,2,0.0,0
3,3,2,2,2,1,2,1,0,2,1,4.0,80.3,76.3,2,0.3412735576158163,0,0.0,0,6.425208487279637,2,1.896957503998945,0,1.382022977963089,0,10.0,2,0.7786561264822143,0,0.0,0
3,8,2,2,2,2,3,1,0,0,1,4.0,80.0,76.0,2,10.0,2,0.0,0,5.116788064323164,2,0.0,0,10.0,2,10.0,2,5.75592885375494,1,0.0,0
4,3,0,1,0,0,2,0,0,3,0,3.7,110.7,107.0,1,10.0,2,0.0,0,10.0,2,0.0,0,10.0,2,0.0,0,7.46,2,0.0,1
3,8,0,3,1,1,2,0,1,0,0,3.7,29.3,25.6,1,10.0,2,0.0,0,10.0,2,0.0,0,10.0,2,0.0,0,6.02,1,0.0,0
0,6,3,0,0,0,1,0,1,3,0,3.3,36.3,33.0,1,10.0,2,0.0,0,10.0,2,0.0,0,10.0,2,0.0,0,7.49,2,0.0,0
4,8,3,4,1,3,1,0,1,3,0,3.0,27.0,24.0,8,1.38,0,5.67,1,2.84,0,10.0,2,0.96,0,5.96,1,1.47,0,3.9,1
0,6,0,1,1,0,2,0,2,0,2,3.0,15.0,12.0,1,6.94,1,0.0,0,6.05,1,0.0,0,3.35,1,0.0,0,7.44,2,0.0,0
0,0,0,0,1,0,2,0,0,0,0,2.7,143.3,140.6,1,10.0,2,0.0,0,10.0,2,0.0,0,10.0,2,0.0,0,7.461180124223602,2,3.485198506956227,1
3,3,0,3,1,0,2,0,0,0,0,2.7,98.7,96.0,1,0.76,0,0.0,0,6.82,2,0.0,0,-0.29,0,0.0,0,3.2,1,0.0,0
2,5,0,0,0,0,2,0,0,0,0,2.7,48.3,45.59999999999999,0,10.0,2,0.0,0,10.0,0,10.0,0,10.0,2,0.0,0,6.85,2,0.0,0
4,3,0,4,0,0,2,0,0,0,0,2.3,67.3,65.0,4,2.623794999927682,0,4.662535614486191,1,3.72853841913274,1,6.632702297125707,2,3.340599306244696,1,10.0,2,2.760587238848108,1,0.0,0
0,0,3,1,0,0,1,0,0,4,0,2.3,62.3,60.0,1,2.12,0,0.0,0,5.18,1,0.0,0,1.91,0,0.0,0,3.53,1,0.0,0
3,8,0,3,0,1,2,0,1,0,0,2.3,31.7,29.4,1,10.0,2,0.0,0,10.0,2,0.0,0,10.0,2,0.0,0,6.53,2,0.0,0
3,8,0,3,1,1,2,0,1,2,0,2.3,23.3,21.0,6,10.0,2,0.0,0,10.0,0,0.0,0,10.0,0,0.0,0,6.35,1,0.0,0
0,0,3,3,1,2,2,0,0,3,0,2.0,103.7,101.7,1,2.28,0,4.56,1,4.95,1,6.18,2,1.31,0,10.0,2,2.55,0,3.14,1
3,3,0,3,3,1,2,0,0,0,0,2.0,48.3,46.3,0,10.0,2,0.0,0,10.0,2,0.0,0,10.0,2,0.0,0,6.35,1,0.0,0
4,8,3,4,1,0,2,2,0,4,0,2.0,38.7,36.7,1,1.87,0,0.0,0,6.23,2,2.11,1,2.17,0,10.0,2,1.4,0,3.95,1
1,1,3,1,0,0,1,0,2,4,0,2.0,34.0,32.0,1,1.55,0,4.54,1,5.13,1,6.41,2,1.3,0,4.83,1,0.86,0,3.84,1
1,4,0,0,1,0,1,0,0,0,0,1.7,62.0,60.3,4,2.7,0,4.23,1,3.33,1,5.97,2,2.94,1,4.62,1,2.06,0,0.0,0
3,8,1,3,0,2,2,0,0,0,2,1.7,41.3,39.59999999999999,0,10.0,2,0.0,0,10.0,2,0.0,0,10.0,2,10.0,2,7.613636363636362,2,3.14231421784866,1
2,5,0,3,1,1,2,0,1,0,0,1.7,27.7,26.0,0,8.08,2,0.0,0,10.0,2,0.0,0,10.0,2,0.0,0,9.41,2,0.0,0
4,8,3,4,0,0,3,0,2,4,0,1.7,14.7,13.0,1,1.74,0,4.57,1,3.61,1,6.49,2,2.33,1,4.62,1,1.31,0,10.0,2
4,8,0,4,0,0,3,0,1,0,2,1.3,29.3,28.0,3,3.09,0,10.0,2,3.55,1,10.0,2,2.88,1,10.0,2,2.3,0,0.0,0
1,4,0,0,1,0,3,0,0,4,0,1.0,45.0,44.0,8,3.28,0,4.91,1,5.45,1,6.65,2,3.56,1,10.0,2,1.74,0,0.0,0
4,3,3,4,1,0,3,0,0,3,0,1.0,33.0,32.0,3,2.08,0,4.38,1,5.3,1,6.19,2,0.86,0,5.06,1,1.19,0,0.0,0
3,8,3,3,0,1,2,0,1,3,0,1.0,29.7,28.7,4,2.323729190471368,0,4.072010679252706,1,3.490997806631714,1,6.314371464850516,2,3.538703760108813,1,3.717948717948717,1,1.902879728966685,0,0.0,0
3,3,0,3,3,1,3,0,0,2,0,0.7,83.3,82.6,0,6.64,1,0.0,1,10.0,2,0.0,0,10.0,2,10.0,2,9.41,2,0.0,0
3,3,0,3,1,1,2,0,0,0,0,0.7,74.0,73.3,1,2.003138604839527,0,0.0,0,5.274499454590239,1,0.0,0,2.860476598691509,1,0.0,0,3.58498023715415,1,0.0,0
3,8,1,5,0,2,2,0,2,0,0,0.7,7.7,7.0,1,10.0,2,0.0,0,10.0,2,0.0,0,10.0,0,0.0,0,8.09,2,0.0,0
3,3,1,3,1,1,3,0,0,0,0,0.3,40.3,40.0,4,1.674192267268352,0,4.135076449034923,1,3.615609275484711,1,5.826653584208704,2,1.578636405266818,0,3.717948717948717,1,2.476002258610954,0,0.0,0
3,8,1,3,0,1,1,0,1,0,0,0.3,26.0,25.7,3,2.38,0,4.12,1,4.14,1,5.81,2,2.82,1,3.72,1,5.26,1,0.0,0
4,8,3,1,1,2,3,0,1,3,0,0.3,23.7,23.4,8,3.04,0,4.51,1,3.43,1,6.4,2,1.67,0,5.06,1,2.09,0,0.0,0
1,1,0,0,1,0,4,0,2,0,0,0.3,6.7,6.4,4,4.369850565010858,1,4.671852148658565,1,3.514974388361911,1,6.733249781500965,2,2.689160989557429,1,10.0,2,5.02540937323546,1,0.0,0
2,5,0,1,1,3,2,0,0,2,0,0.0,0.0,250.0,0,5.68,1,0.0,0,10.0,2,0.0,0,10.0,2,0.0,0,7.43,2,0.0,0
2,2,0,1,1,2,0,0,0,5,0,0.0,0.0,94.3,0,7.84,2,10.0,2,10.0,2,10.0,2,10.0,2,10.0,2,9.01,2,0.0,0
0,6,0,1,0,0,0,0,0,5,0,0.0,0.0,94.0,0,8.56,2,0.0,0,10.0,2,0.0,0,10.0,2,0.0,0,9.01,2,5.31,1
2,2,0,1,1,2,0,0,0,5,0,0.0,0.0,88.0,0,3.52,1,10.0,2,10.0,2,10.0,2,10.0,2,10.0,2,6.64,2,0.0,0
2,5,0,0,0,0,0,0,0,0,0,0.0,0.0,86.3,0,10.0,2,10.0,2,10.0,2,10.0,2,10.0,2,10.0,2,6.101778656126483,1,0.0,0
0,0,3,6,1,0,2,0,0,1,0,0.0,0.0,80.7,1,1.641483615821544,0,0.0,0,6.467487378497618,2,0.0,0,2.071467784518323,0,0.0,0,0.1383399209486164,0,3.9491007804547,1
3,3,0,3,1,1,0,0,0,0,1,0.0,0.0,71.0,1,5.68,1,0.0,0,8.83,2,0.0,0,1.71,0,10.0,2,7.43,2,4.17,1
2,2,0,1,0,3,2,0,0,0,0,0.0,0.0,58.3,1,10.0,2,0.0,0,10.0,2,0.0,0,10.0,2,0.0,0,6.927583286278939,2,0.0,0
0,0,0,1,0,0,2,0,0,3,0,0.0,0.0,58.0,1,2.2,0,0.0,0,5.96,2,0.0,0,2.06,0,10.0,2,3.77,1,0.0,0
2,5,0,0,0,0,0,0,0,2,0,0.0,0.0,53.3,0,6.398559423769507,1,0.0,0,10.0,2,0.0,0,10.0,2,0.0,0,8.221343873517789,2,0.0,0
0,6,1,0,0,0,2,0,0,6,0,0.0,0.0,42.7,9,3.72517165213762,1,4.043344420260789,1,3.465797362260997,1,5.686471199353573,2,1.446186753416801,0,3.717948717948717,1,2.61829474872953,0,0.0,0
3,8,0,3,1,1,2,0,1,0,0,0.0,0.0,32.7,1,1.583259809948076,0,0.0,0,6.277232368016703,2,0.0,0,3.129860630717715,1,3.11965811965812,1,4.229249011857707,1,10.0,2
4,8,1,4,0,3,1,0,1,0,0,0.0,0.0,27.0,1,-0.1,0,0.0,0,4.82,1,0.0,0,0.7,0,0.0,0,3.4,1,0.0,0
1,4,3,0,2,0,4,0,1,3,0,0.0,0.0,26.7,8,3.18,0,4.78,1,5.89,2,6.9,2,2.52,1,5.66,1,2.19,0,0.0,0
0,0,0,0,1,0,2,0,1,0,0,0.0,0.0,26.0,1,10.0,2,0.0,0,10.0,2,0.0,0,10.0,2,3.717948717948718,1,7.065923207227555,2,0.0,0
4,3,1,4,0,2,4,3,2,0,0,0.0,0.0,22.3,8,3.23,0,4.55,1,4.73,1,6.46,2,1.18,0,10.0,2,1.6,0,5.26,1
1,4,3,0,1,0,4,2,1,4,0,0.0,0.0,21.0,1,1.8,0,0.0,0,4.78,1,2.02,1,1.874014641848722,0,3.269230769230769,1,1.11,0,3.71,1
4,3,1,4,1,2,3,0,2,0,0,0.0,0.0,18.3,1,3.78,1,4.65,1,2.83,0,6.69,2,2.68,1,4.76,1,3.0,1,0.0,0
4,8,1,4,1,0,2,0,2,5,1,0.0,0.0,0.0,1,2.6,0,0.0,0,5.84,2,0.0,0,1.04,0,0.0,0,4.6,1,0.0,0
3,8,0,3,1,1,1,0,2,0,0,0.0,0.0,0.0,5,-0.08,0,5.24,1,3.19,1,10.0,2,-0.15,0,10.0,2,0.0,0,3.72,1
4,3,3,4,0,0,4,0,0,4,0,0.0,450.0,450.0,3,3.32,0,4.58,1,3.84,1,10.0,2,3.54,1,10.0,2,4.54,1,3.52,1
0,0,2,2,2,2,1,1,0,0,1,0.0,450.0,450.0,2,2.501767273174329,0,0.0,0,6.920733781390384,2,5.3272538381623,2,1.363855143460955,0,10.0,2,4.36,1,10.0,2
2,7,2,2,2,3,2,1,0,2,1,0.0,270.7,270.7,2,5.678271308523408,1,10.0,2,10.0,2,10.0,2,10.0,2,10.0,2,8.41897233201581,2,0.0,0
2,5,0,1,0,0,1,0,0,0,0,0.0,198.0,198.0,0,10.0,2,0.0,0,10.0,2,0.0,0,10.0,2,0.0,0,6.55,2,0.0,0
1,4,3,0,0,0,3,0,0,3,0,0.0,158.0,158.0,4,3.979041702739614,1,10.0,2,4.173023078121778,1,10.0,2,3.731104936086877,1,10.0,2,1.843591191417278,0,0.0,0
4,3,3,4,0,0,4,0,0,1,0,0.0,149.0,149.0,4,4.0,1,4.24,1,4.22,1,6.09,2,4.9,2,4.02,1,5.08,1,0.0,0
1,4,3,0,0,0,3,0,0,3,0,0.0,144.0,144.0,7,4.756432047862173,1,4.341473513776723,1,4.131300488104034,1,6.142063950132749,2,3.792245634930882,1,3.717948717948717,1,3.082439299830604,1,0.0,0
1,4,3,0,1,0,4,0,0,4,0,0.0,118.0,118.0,1,0.99,0,5.42,1,4.69,1,10.0,2,1.28,0,5.96,1,0.6,0,4.37,1
1,4,3,0,1,0,4,0,0,6,0,0.0,100.0,100.0,4,2.711626604170067,0,10.0,2,4.161340752916811,1,10.0,2,2.817138574651931,1,10.0,2,1.43647656691135,0,0.0,0
1,4,3,1,0,0,4,0,0,4,0,0.0,96.7,96.7,1,3.32,0,5.12,1,3.97,1,10.0,2,2.32,1,5.06,1,2.04,0,3.16,1
4,3,0,1,1,0,4,0,0,0,2,0.0,95.0,95.0,7,3.146157559409307,0,4.884221350690346,1,3.374174554582029,1,6.926000560676771,2,2.424686608168594,1,10.0,2,3.635234330886505,1,0.0,0
4,3,2,2,2,3,4,1,0,0,1,0.0,85.3,85.3,2,1.87875150060024,0,5.432702439402354,1,4.471756822648831,1,4.743160567932588,2,0.07719848855891819,0,5.811965811965811,1,-0.3342744212309428,0,3.465028842891076,1
1,4,3,0,3,0,4,0,0,3,0,0.0,68.0,68.0,10,3.249001623024425,0,0.0,0,4.559374261686095,1,0.0,0,2.785708504582421,1,3.269230769230769,1,2.18351214003388,0,0.0,0
1,4,3,0,1,3,3,0,0,4,0,0.0,64.0,64.0,1,3.98,1,0.0,0,4.47,1,0.0,0,3.44,1,10.0,2,2.1,0,3.82,1
4,3,3,4,3,0,4,0,0,4,0,0.0,63.3,63.3,1,0.75,0,0.0,0,5.56,2,0.0,0,2.18,0,0.0,0,1.92,0,0.0,0
1,4,3,0,0,0,4,2,1,3,0,0.0,61.7,61.7,1,2.32,0,4.1,1,3.78,1,5.77,2,2.0,0,3.72,1,1.52,0,0.0,0
4,3,2,2,2,1,3,1,0,0,1,0.0,59.7,59.7,2,-0.5362702309839602,0,0.0,0,5.665857348956685,2,2.044649659471315,1,0.9810330611553465,0,10.0,2,0.3083003952569168,0,0.0,0
1,4,3,0,1,0,4,0,0,1,0,0.0,56.7,56.7,4,3.5,1,5.18,1,4.28,1,10.0,2,3.14,1,10.0,2,3.98,1,0.0,0
1,4,1,0,1,0,4,0,0,0,2,0.0,48.7,48.7,4,3.541416566626651,1,10.0,2,3.968443311734772,1,10.0,2,3.13317542991532,1,10.0,2,1.893986448334274,0,5.603013233797082,2
1,4,3,0,3,0,4,2,0,4,0,0.0,48.0,48.0,8,4.32,1,0.0,0,3.95,1,0.0,0,2.59,1,10.0,2,2.66,0,0.0,0
0,6,1,0,0,0,1,0,0,1,0,0.0,47.0,47.0,4,3.394537246912535,0,0.0,0,4.282892565168507,1,0.0,0,3.157519072120372,1,0.0,0,2.0214568040655,0,0.0,0
4,3,1,4,0,0,4,0,0,0,3,0.0,46.7,46.7,5,3.18,0,4.33,1,3.94,1,6.13,2,3.17,1,10.0,2,2.19,0,0.0,0
4,3,1,4,3,0,4,0,0,0,0,0.0,46.0,46.0,7,2.424969987995197,0,4.767645230789886,1,3.86914354749254,1,10.0,2,2.784675320416935,1,10.0,2,1.592603049124788,0,0.0,0
3,3,1,3,1,1,3,0,0,0,2,0.0,42.3,42.3,1,4.14,1,4.17,1,4.62,1,5.88,2,3.36,1,10.0,2,5.54,1,0.0,0
1,4,3,0,1,0,4,0,0,4,0,0.0,40.3,40.3,1,2.69,0,5.87,1,3.94,1,10.0,2,2.16,0,10.0,2,1.49,0,10.0,2
4,8,0,4,1,0,4,0,1,0,0,0.0,33.0,33.0,11,4.27,1,10.0,2,4.47,1,10.0,2,3.17,1,10.0,2,3.01,1,0.0,0
1,1,3,0,1,0,4,0,1,4,0,0.0,32.7,32.7,1,2.69,0,4.24,1,4.47,1,5.98,2,1.89,0,3.72,1,1.37,0,0.0,0
3,8,0,3,1,1,2,0,1,2,3,0.0,31.7,31.7,12,1.38,0,10.0,2,4.15,1,10.0,2,1.59,0,10.0,2,0.51,0,3.55,1
4,8,1,1,2,0,3,0,1,0,0,0.0,31.3,31.3,7,2.364945978391357,0,5.185217070105473,1,3.480289008527159,1,10.0,2,2.146083939779544,0,10.0,2,1.641727837380011,0,5.280298608754666,1
3,8,1,3,1,1,1,0,1,0,0,0.0,31.0,31.0,1,10.0,2,10.0,2,10.0,2,10.0,2,10.0,2,10.0,2,6.68,2,0.0,0
1,1,0,0,1,0,4,0,1,0,0,0.0,30.7,30.7,4,3.14,0,10.0,2,4.1,1,10.0,2,3.86,1,10.0,2,5.57,1,0.0,0
1,1,3,0,0,0,3,0,1,3,0,0.0,28.7,28.7,3,2.25,0,4.26,1,3.56,1,6.01,2,4.12,2,4.62,1,5.11,1,0.0,0
4,8,1,4,1,0,3,0,1,2,3,0.0,27.3,27.3,3,2.31,0,0.0,2,4.22,1,0.0,0,2.12,0,0.0,0,5.86,1,0.0,0
1,1,3,0,0,0,3,0,1,4,0,0.0,25.0,25.0,3,3.68,1,0.0,0,5.67,2,0.0,0,4.04,1,0.0,0,4.91,1,0.0,0
4,8,3,1,1,0,3,0,1,3,0,0.0,24.0,24.0,4,3.50558166467964,1,4.217253058145084,1,3.967469784634358,1,5.952233637308093,2,4.308938503776877,2,4.615384615384615,1,2.450310559006211,0,0.0,0
1,1,1,0,1,0,3,0,1,0,2,0.0,23.3,23.3,4,3.14,0,4.11,1,4.91,1,5.78,2,3.0,1,3.72,1,2.4,0,0.0,0
1,1,3,0,1,0,4,0,1,1,0,0.0,21.7,21.7,6,3.14,0,4.97,1,3.56,1,10.0,2,2.18,0,5.81,1,1.71,0,4.47,1
1,1,0,0,0,0,3,0,1,0,0,0.0,21.3,21.3,3,2.11,0,4.17,1,4.07,1,5.87,2,3.17,1,4.62,1,5.03,1,0.0,0
4,8,3,4,1,0,4,0,2,3,0,0.0,21.0,21.0,1,1.12,0,4.62,1,4.44,1,6.57,2,0.75,0,5.06,1,0.49,0,0.0,0
3,8,1,3,1,1,3,0,2,0,0,0.0,18.3,18.3,12,1.41,0,4.21,1,2.93,0,6.04,2,2.0,0,4.02,1,4.67,1,0.0,0
4,8,2,2,2,2,4,1,1,0,1,0.0,18.0,18.0,2,2.845138055222089,0,4.559337082115291,1,5.681155631963191,2,6.474997114163685,2,2.565028976702409,1,10.0,2,1.171654432523998,0,0.0,0
1,1,2,2,2,0,4,1,1,0,1,0.0,17.7,17.7,2,2.436974789915967,0,0.0,0,3.357346443274871,1,2.990880757243449,1,2.478023727786216,1,10.0,2,1.813241106719368,0,0.0,0
4,8,0,4,0,0,3,0,2,0,0,0.0,17.3,17.3,4,4.41,1,4.18,1,4.43,1,5.9,2,3.86,1,3.72,1,5.18,1,0.0,0
4,8,3,4,0,2,3,0,2,0,0,0.0,17.0,17.0,3,4.25,1,0.0,0,3.19,1,0.0,0,2.21,0,0.0,0,2.53,0,0.0,0
3,8,0,3,0,2,4,0,2,0,3,0.0,16.7,16.7,5,3.3,0,4.25,1,3.17,1,3.0,2,3.27,1,4.62,1,2.48,0,0.0,0
4,8,1,1,0,0,4,0,2,3,0,0.0,16.7,16.7,1,3.549448393815356,1,4.344101254184316,1,3.243721923126547,1,6.242611434508007,2,3.531245082067082,1,4.764957264957264,1,5.756634669678149,1,10.0,2
1,1,1,0,1,0,4,0,2,3,0,0.0,15.7,15.7,6,3.5,1,4.56,1,2.45,0,6.56,2,2.25,1,5.51,1,2.7,1,0.0,0
1,1,3,0,0,0,4,0,2,4,0,0.0,15.0,15.0,8,3.15,0,4.95,1,3.27,1,10.0,2,2.88,1,10.0,2,1.66,0,10.0,2
4,8,3,1,1,2,1,0,2,0,1,0.0,14.0,14.0,8,0.12,0,5.17,1,4.14,1,10.0,2,0.25,0,10.0,2,0.87,0,3.65,1
3,8,0,3,1,1,1,0,2,0,0,0.0,12.7,12.7,6,10.0,2,0.0,0,10.0,2,0.0,0,10.0,2,0.0,0,6.783596837944664,2,0.0,0
3,8,0,5,0,2,1,0,2,0,0,0.0,12.3,12.3,12,4.477791116446578,1,0.0,0,1.413490974348147,0,0.0,0,1.620797139584754,0,10.0,2,5.296442687747035,1,10.0,2
4,8,3,4,0,0,4,0,2,3,0,0.0,9.7,9.7,1,1.95,0,0.0,0,4.95,1,2.99,1,2.0,0,10.0,2,1.34,0,5.79,2
4,8,0,4,1,0,3,0,2,0,0,0.0,9.0,9.0,3,2.78,0,0.0,0,3.17,1,0.0,2,2.36,1,0.0,0,2.14,0,0.0,0
1,1,1,0,1,0,4,0,2,3,0,0.0,9.0,9.0,4,3.054461457560648,0,4.495602432956596,1,4.423080467628129,1,6.377599561352882,2,2.845198868984051,1,10.0,2,4.368294748729531,1,0.0,0
4,8,1,4,1,0,4,0,2,0,0,0.0,9.0,9.0,8,2.25,0,5.6,1,3.39,1,10.0,2,0.87,0,10.0,2,2.04,0,10.0,2
3,8,1,3,1,1,4,0,2,0,0,0.0,9.0,9.0,8,5.68,1,0.0,0,10.0,2,0.0,0,10.0,2,0.0,0,10.4,2,0.0,0
4,8,1,4,1,0,4,0,2,3,0,0.0,8.3,8.3,8,3.98402734587811,1,4.710312712806052,1,3.163892700892594,1,6.705713955904421,2,3.782522561593126,1,10.0,2,2.693393562958781,0,0.0,0
1,1,3,0,0,2,4,0,2,4,0,0.0,8.3,8.3,1,2.1,0,4.86,1,3.86,1,6.93,2,2.77,1,10.0,2,1.51,0,10.0,2
4,8,0,4,0,2,4,0,2,0,0,0.0,7.0,7.0,8,3.42,1,0.0,0,3.76,1,0.0,0,1.59,0,10.0,2,2.72,1,10.0,2
4,8,3,0,0,0,4,0,2,6,0,0.0,4.0,4.0,4,3.12,0,4.22,1,2.55,0,5.95,2,3.23,1,3.72,1,1.93,0,0.0,0
1,1,1,0,0,0,4,0,2,1,0,0.0,4.0,4.0,1,3.018853841020056,0,0.0,0,2.886854703174771,0,0.0,0,2.484253220548712,1,0.0,0,5.158808582721626,1,0.0,0
4,8,0,4,1,3,3,0,2,3,0,0.0,2.3,2.3,7,2.360944377751101,0,0.0,0,2.102052784940993,0,0.0,0,2.881588501602455,1,10.0,2,1.632128740824393,0,0.0,0
1,1,3,0,1,0,4,0,2,1,0,0.0,2.0,2.0,1,10.0,2,0.0,0,10.0,2,0.0,0,10.0,2,0.0,0,7.411773009599097,2,0.0,0
1,1,2,2,2,0,4,1,2,0,1,0.0,1.3,1.3,2,2.352772649507306,0,4.651069110889424,1,3.336624223566059,1,6.177109546346532,2,1.55857338686897,0,10.0,2,1.112365894974591,0,10.0,2
1,1,2,2,2,0,4,1,2,1,1,0.0,1.0,1.0,2,1.772078452723602,0,4.364406520970258,1,4.22531539094402,1,10.0,2,2.189940075290342,0,10.0,2,0.5580180688876342,0,0.0,0
2,5,0,1,1,2,0,0,0,5,0,0.0,0.0,0.0,0,5.68,1,10.0,2,10.0,2,10.0,2,10.0,2,10.0,2,8.42,2,3.74,1
1,1,2,2,2,0,4,1,2,1,1,0.0,0.0,0.0,2,2.030399293968878,0,5.151773101281569,1,3.822553321972724,1,7.013614551211226,2,1.870019156612679,0,10.0,2,0.01355166572557872,0,4.070118764845606,1
1,1,3,0,1,0,4,0,2,4,0,0.0,0.0,0.0,1,2.72,0,0.0,0,4.24,1,0.0,0,3.56,1,0.0,0,4.46,1,0.0,0
4,8,2,2,2,3,3,1,2,0,1,0.0,0.0,0.0,2,1.136591684866718,0,0.0,0,5.200511394958771,1,4.159067297702875,1,2.006011515932103,0,10.0,2,-0.5714285714285713,0,3.565877163216831,1
4,8,2,2,2,3,4,1,2,1,1,0.0,0.0,0.0,2,2.132853141256503,0,4.628136103695891,1,3.374174554582029,1,10.0,2,3.428555185885706,1,10.0,2,0.726990400903445,0,10.0,2
3,8,2,2,2,1,4,1,2,3,1,0.0,0.0,0.0,2,1.071415011787847,0,5.045325726224918,1,3.658444467902927,1,7.217671707260766,2,1.570516742590589,0,10.0,2,0.8949745906267642,0,0.0,0
5,9,2,2,2,0,4,1,2,1,1,0.0,0.0,0.0,2,1.396734037849219,0,0.0,0,3.082394575057934,1,2.262433007371251,1,1.144884927619434,0,3.568376068376068,1,-0.6900056465273857,0,10.0,2
3,8,1,5,1,1,4,0,2,0,0,0.0,0.0,0.0,8,10.0,2,4.97,1,10.0,2,10.0,2,10.0,2,10.0,2,8.13,2,10.0,2
1,1,3,0,0,0,4,0,2,4,0,0.0,0.0,0.0,8,1.91,0,4.75,1,4.15,1,6.47,2,1.97,0,4.62,1,0.88,0,0.0,0
4,8,3,4,0,3,4,0,2,3,0,0.0,0.0,0.0,8,2.26,0,5.25,1,3.35,1,10.0,2,2.93,1,10.0,2,1.81,0,10.0,2
4,8,1,4,3,0,4,0,2,0,2,0.0,0.0,0.0,7,3.07,0,4.42,1,2.65,0,6.27,2,3.33,1,10.0,2,1.77,0,0.0,0
