Wetland Type - Provincial Class,Wetland Type - Federal Class,Water Regime Indicator,Specific Vegetation Type,% Vegetation Cover for Specific Vegetation Cover Types,% High Woody Canopy Cover (>5m),% Moss Cover,Phragmites present (Y/N),Soil Type,% of Surface Water Present,Depth of Saturation (cm),Average Depth of Living Moss (cm),Average Total Depth of Organics,Average Organic Depth (cm),Hydrogeomorphic Class,SR,SR_Function,SR_Benefit,SR Benefit Rating
0,0,0,0,0,0,0,0,0,0,0,2.3,55.0,48.7,0,5.68,1,10.0,2
1,1,1,1,0,1,1,0,1,1,0,2.3,55.0,48.7,1,2.72,0,0.0,0
1,1,2,2,1,1,1,1,1,2,1,2.3,55.0,48.7,2,2.030399293968878,0,5.151773101281569,1
0,0,0,0,0,2,2,0,0,3,0,2.3,55.0,250.0,0,5.68,1,0.0,0
0,2,0,0,0,0,0,0,0,0,0,2.3,55.0,94.3,0,7.84,2,10.0,2
2,3,0,0,2,1,0,0,0,0,0,2.3,55.0,94.0,0,8.56,2,0.0,0
0,2,0,0,0,0,0,0,0,0,0,2.3,55.0,88.0,0,3.52,1,10.0,2
0,0,0,1,2,1,0,0,0,4,0,2.3,55.0,86.3,0,10.0,2,10.0,2
2,4,1,3,0,1,2,0,0,2,0,2.3,55.0,80.7,1,1.641483615821544,0,0.0,0
3,5,0,4,0,3,0,0,0,4,1,2.3,55.0,71.0,1,5.68,1,0.0,0
0,2,0,0,2,2,2,0,0,4,0,2.3,55.0,58.3,1,10.0,2,0.0,0
2,4,0,0,2,1,2,0,0,5,0,2.3,55.0,58.0,1,2.2,0,0.0,0
2,4,0,1,2,1,0,0,0,4,0,2.3,55.0,55.0,0,3.86,1,0.0,0
0,0,0,1,2,1,0,0,0,3,0,2.3,55.0,53.3,0,6.398559423769507,1,0.0,0
2,3,3,1,2,1,2,0,0,6,0,2.3,55.0,42.7,3,3.72517165213762,1,4.043344420260789,1
3,6,0,4,0,3,2,0,2,4,0,2.3,55.0,32.7,1,1.583259809948076,0,0.0,0
4,6,3,5,2,2,3,0,2,4,0,2.3,55.0,27.0,1,-0.1,0,0.0,0
1,7,1,1,1,1,1,0,2,5,0,2.3,55.0,26.7,4,3.18,0,4.78,1
2,4,0,1,0,1,2,0,2,4,0,2.3,55.0,26.0,1,10.0,2,0.0,0
4,5,3,5,2,0,1,2,1,4,0,2.3,55.0,22.3,4,3.23,0,4.55,1
1,7,1,1,0,1,1,3,2,1,0,2.3,55.0,21.0,1,1.8,0,0.0,0
1,1,3,1,2,1,3,0,2,2,0,2.3,20.0,20.0,1,4.03,1,0.0,0
4,5,3,5,0,0,4,0,1,4,0,2.3,55.0,18.3,1,3.78,1,4.65,1
4,6,3,5,0,1,2,0,1,0,1,2.3,55.0,0.0,1,2.6,0,0.0,0
3,6,0,4,0,3,3,0,1,4,0,2.3,55.0,0.0,5,-0.08,0,5.24,1
0,2,0,0,0,1,0,0,0,3,0,17.7,127.0,109.3,0,10.0,2,0.0,0
3,5,2,2,1,3,3,1,0,4,1,12.2,80.7,68.5,2,0.2253747884696043,0,0.0,0
2,4,3,1,2,1,0,0,0,4,0,11.7,151.3,139.6,0,4.563335015589712,1,0.0,0
1,7,2,2,1,0,2,1,0,5,1,11.7,90.0,78.3,2,1.00855703727274,0,0.0,0
4,5,2,2,1,1,0,1,0,3,1,11.7,67.0,55.3,2,3.517406962785114,1,0.0,0
2,4,0,4,2,2,0,0,0,4,0,10.7,56.7,46.0,0,10.0,2,0.0,0
2,4,2,2,1,0,0,1,0,3,1,10.3,61.3,51.0,2,10.0,2,0.0,0
0,0,0,0,2,1,0,0,0,4,0,10.0,98.7,88.7,1,10.0,2,0.0,0
2,4,1,1,3,1,2,0,0,5,0,10.0,62.7,52.7,0,4.166230605839581,1,3.926768300360328,1
0,2,0,0,2,1,0,0,0,4,0,10.0,62.7,52.7,0,10.0,2,10.0,2
0,0,0,0,2,1,0,0,0,3,0,10.0,44.0,34.0,0,6.4,1,0.0,0
2,3,2,2,1,1,2,1,0,4,1,9.8,300.3,290.5,2,10.0,2,0.0,0
0,2,0,1,2,1,0,0,0,3,0,9.7,67.3,57.59999999999999,1,10.0,0,0.0,0
3,5,2,2,1,0,0,1,0,3,1,9.3,500.0,500.0,2,6.51860744297719,1,0.0,0
0,8,2,2,1,1,2,1,0,3,1,9.3,136.0,126.7,2,7.478991596638656,2,0.0,0
2,4,1,1,2,1,2,0,0,5,0,9.0,408.0,399.0,6,3.67,1,10.0,2
3,5,2,2,1,3,2,1,0,3,1,9.0,73.8,64.8,2,4.237695078031212,1,0.0,0
2,3,0,0,2,1,2,0,0,4,0,8.7,66.7,58.0,1,0.87,0,4.09,1
2,3,0,1,0,1,0,0,0,5,0,8.3,500.0,500.0,7,4.699519652955847,1,3.777703753602361,1
0,8,2,2,1,0,0,1,0,3,1,8.3,107.3,99.0,2,5.198079231692677,1,0.0,0
2,3,1,4,0,0,2,0,0,5,0,8.3,82.3,74.0,1,0.33,0,4.4,1
2,4,0,0,0,0,0,0,0,3,0,8.3,79.3,71.0,0,6.4,1,0.0,0
2,4,1,1,0,1,2,0,0,1,0,8.3,70.0,61.7,5,3.34,0,4.15,1
0,8,0,0,2,1,0,0,0,5,0,8.0,64.0,56.0,0,2.46,0,0.0,0
0,8,2,2,1,1,0,1,0,3,1,7.8,128.7,120.9,2,3.517406962785114,1,0.0,0
2,3,1,0,2,1,2,0,0,5,0,7.7,500.0,500.0,1,2.042673997309767,0,0.0,0
0,0,0,4,0,3,2,0,0,4,0,7.7,257.7,250.0,0,7.12,2,0.0,0
0,2,0,1,2,1,0,0,0,4,0,7.7,229.7,222.0,1,10.0,2,0.0,0
0,0,0,4,2,2,0,0,0,3,0,7.7,179.0,171.3,0,10.0,2,0.0,0
0,8,2,2,1,1,3,1,0,3,1,7.7,97.7,90.0,2,5.678271308523408,1,0.0,0
2,3,0,0,3,1,0,0,0,3,0,7.7,68.3,60.6,1,2.44,0,0.0,0
2,3,0,1,2,1,2,1,0,4,0,7.7,63.5,55.8,7,1.28,0,4.52,1
3,6,0,4,3,3,2,0,1,5,0,7.7,31.0,23.3,1,-0.49,0,4.71,1
0,0,0,0,0,1,0,0,0,3,0,7.3,213.0,205.7,0,6.28,1,0.0,0
2,3,0,0,3,1,0,0,0,3,0,7.3,68.7,61.4,1,3.52,1,0.0,0
3,5,1,4,0,3,2,0,0,5,0,7.3,53.7,46.4,1,1.08,0,0.0,0
4,6,1,0,2,2,0,0,2,5,0,7.3,23.3,16.0,8,2.256947959906853,0,0.0,0
0,2,0,0,2,1,0,0,0,4,0,7.0,264.0,257.0,0,10.0,2,0.0,0
2,4,0,0,0,1,0,0,0,0,1,7.0,70.0,63.0,0,1.26,0,0.0,0
0,0,0,1,2,1,0,0,0,4,0,6.7,115.3,108.6,0,10.0,2,0.0,0
2,4,0,1,2,1,0,0,0,5,0,6.7,105.0,98.3,6,4.29,1,3.75,1
0,0,0,4,2,0,0,0,0,3,0,6.3,97.0,90.7,0,10.0,2,0.0,0
3,6,0,4,3,3,0,0,2,4,0,6.3,32.7,26.4,8,10.0,2,0.0,0
4,6,0,5,0,2,3,0,2,5,0,6.3,31.7,25.4,1,1.22,0,4.65,1
4,6,1,5,0,2,2,0,2,1,0,6.3,31.7,25.4,1,0.09,0,0.0,0
0,8,2,2,1,2,3,1,0,3,1,6.2,35.3,29.1,2,4.237695078031211,1,0.0,0
2,4,1,0,0,1,2,0,0,1,0,6.0,78.0,72.0,1,2.37,0,0.0,0
0,0,0,4,2,3,0,0,0,4,0,6.0,67.0,61.0,0,10.0,2,0.0,0
3,5,1,4,0,3,2,0,0,5,0,6.0,58.3,52.3,1,1.61,0,0.0,0
3,5,0,4,3,0,0,0,0,3,0,6.0,57.7,51.7,1,3.52,1,0.0,0
0,0,0,0,0,2,2,0,0,4,0,6.0,57.0,51.0,0,10.0,2,0.0,0
2,4,0,4,3,2,0,0,0,3,0,5.7,243.0,237.3,1,2.44,0,0.0,0
2,4,0,0,3,1,0,0,0,3,0,5.7,97.7,92.0,1,1.72,0,0.0,0
0,0,0,0,2,2,0,0,0,3,0,5.7,85.3,79.6,1,-0.27,0,0.0,0
2,3,0,4,0,2,2,0,0,5,0,5.7,60.3,54.6,1,1.27,0,0.0,0
3,5,1,1,2,1,4,0,1,2,0,5.7,48.0,42.3,9,10.0,2,0.0,0
0,0,0,0,2,2,0,0,2,4,0,5.7,22.0,16.3,8,10.0,2,0.0,0
1,1,1,1,2,1,4,0,1,2,0,5.7,12.7,6.999999999999999,9,3.073673531374684,0,4.077743931051089,1
2,4,2,2,1,1,3,1,0,3,1,5.5,45.0,39.5,2,1.680672268907563,0,0.0,0
2,3,0,0,0,3,2,0,0,5,0,5.3,232.0,226.7,1,0.54,0,3.86,1
0,0,0,0,0,1,0,0,0,4,0,5.3,161.3,156.0,1,10.0,2,0.0,0
1,7,1,0,0,1,2,0,0,1,0,5.3,100.7,95.4,4,3.72,1,5.16,1
0,0,0,4,3,1,0,0,0,4,0,5.3,93.3,88.0,1,7.12,2,0.0,0
0,2,0,1,2,1,0,0,0,4,0,5.0,500.0,500.0,0,10.0,2,0.0,0
0,2,0,0,0,1,0,0,0,4,0,5.0,500.0,500.0,0,10.0,2,0.0,0
0,2,0,1,0,1,0,0,0,3,0,5.0,500.0,500.0,0,10.0,2,0.0,0
2,4,0,0,0,0,2,0,0,4,0,5.0,85.7,80.7,1,0.89,0,0.0,0
1,7,1,5,2,1,3,0,0,1,0,5.0,76.0,71.0,4,1.95,0,4.61,1
0,0,0,1,2,1,0,0,0,4,0,5.0,51.7,46.7,0,6.398559423769507,1,0.0,0
3,6,0,4,0,3,2,0,2,4,0,5.0,29.0,24.0,1,0.48,0,0.0,0
2,4,0,1,0,1,0,0,0,3,0,4.7,500.0,500.0,1,10.0,2,0.0,0
0,8,0,0,3,1,0,0,0,4,0,4.7,254.7,250.0,0,7.48,2,0.0,0
0,2,0,4,2,2,0,0,0,4,0,4.7,165.0,160.3,1,10.0,2,0.0,0
2,4,1,0,0,1,2,0,0,5,0,4.7,139.0,134.3,1,1.13,0,4.27,1
1,1,1,1,0,1,3,0,1,2,0,4.7,14.0,9.3,7,3.62,1,10.0,2
2,3,0,4,2,1,2,0,0,3,0,4.3,128.7,124.3,0,10.0,2,0.0,0
0,8,0,0,0,1,0,0,0,3,0,4.3,91.3,87.0,0,6.04,1,10.0,2
1,7,2,2,1,1,3,1,0,2,1,4.0,130.0,126.0,2,2.658599369179684,0,4.784844986185036,1
2,3,0,0,0,2,0,0,0,3,0,4.0,88.0,84.0,1,6.04,1,0.0,0
3,5,2,2,1,3,2,1,0,3,1,4.0,80.3,76.3,2,0.3412735576158163,0,0.0,0
3,6,2,2,1,0,4,1,0,4,1,4.0,80.0,76.0,2,10.0,2,0.0,0
4,5,0,0,2,1,2,0,0,5,0,3.7,110.7,107.0,1,10.0,2,0.0,0
3,6,0,4,0,3,2,0,2,4,0,3.7,29.3,25.6,1,10.0,2,0.0,0
2,3,1,1,2,1,3,0,2,5,0,3.3,36.3,33.0,1,10.0,2,0.0,0
4,6,1,5,0,2,3,0,2,5,0,3.0,27.0,24.0,4,1.38,0,5.67,1
2,3,0,0,0,1,2,0,1,4,2,3.0,15.0,12.0,1,6.94,1,0.0,0
2,4,0,1,0,1,2,0,0,4,0,2.7,143.3,140.6,1,10.0,2,0.0,0
3,5,0,4,0,1,2,0,0,4,0,2.7,98.7,96.0,1,0.76,0,0.0,0
0,0,0,1,2,1,2,0,0,4,0,2.7,48.3,45.59999999999999,0,10.0,2,0.0,0
4,5,0,5,2,1,2,0,0,4,0,2.3,67.3,65.0,7,2.623794999927682,0,4.662535614486191,1
2,4,1,0,2,1,3,0,0,1,0,2.3,62.3,60.0,1,2.12,0,0.0,0
3,6,0,4,2,3,2,0,2,4,0,2.3,31.7,29.4,1,10.0,2,0.0,0
3,6,0,4,0,3,2,0,2,3,0,2.3,23.3,21.0,8,10.0,2,0.0,0
2,4,1,4,0,0,2,0,0,5,0,2.0,103.7,101.7,1,2.28,0,4.56,1
3,5,0,4,3,3,2,0,0,4,0,2.0,48.3,46.3,0,10.0,2,0.0,0
4,6,1,5,0,1,2,3,0,1,0,2.0,38.7,36.7,1,1.87,0,0.0,0
1,1,1,0,2,1,3,0,1,1,0,2.0,34.0,32.0,1,1.55,0,4.54,1
1,7,0,1,0,1,3,0,0,4,0,1.7,62.0,60.3,7,2.7,0,4.23,1
3,6,3,4,2,0,2,0,0,4,2,1.7,41.3,39.59999999999999,0,10.0,2,0.0,0
0,0,0,4,0,3,2,0,2,4,0,1.7,27.7,26.0,0,8.08,2,0.0,0
4,6,1,5,2,1,4,0,1,1,0,1.7,14.7,13.0,1,1.74,0,4.57,1
4,6,0,5,2,1,4,0,2,4,2,1.3,29.3,28.0,6,3.09,0,10.0,2
1,7,0,1,0,1,4,0,0,1,0,1.0,45.0,44.0,4,3.28,0,4.91,1
4,5,1,5,0,1,4,0,0,5,0,1.0,33.0,32.0,6,2.08,0,4.38,1
3,6,1,4,2,3,2,0,2,5,0,1.0,29.7,28.7,7,2.323729190471368,0,4.072010679252706,1
3,5,0,4,3,3,4,0,0,3,0,0.7,83.3,82.6,0,6.64,1,0.0,1
3,5,0,4,0,3,2,0,0,4,0,0.7,74.0,73.3,1,2.003138604839527,0,0.0,0
3,6,3,6,2,0,2,0,1,4,0,0.7,7.7,7.0,1,10.0,2,0.0,0
3,5,3,4,0,3,4,0,0,4,0,0.3,40.3,40.0,7,1.674192267268352,0,4.135076449034923,1
3,6,3,4,2,3,3,0,2,4,0,0.3,26.0,25.7,6,2.38,0,4.12,1
4,6,1,0,0,0,4,0,2,5,0,0.3,23.7,23.4,4,3.04,0,4.51,1
1,1,0,1,0,1,1,0,1,4,0,0.3,6.7,6.4,7,4.369850565010858,1,4.671852148658565,1
2,4,2,2,1,0,3,1,0,4,1,0.0,500.0,500.0,2,2.501767273174329,0,0.0,0
4,5,1,5,2,1,1,0,0,1,0,0.0,500.0,500.0,6,3.32,0,4.58,1
0,8,2,2,1,2,2,1,0,3,1,0.0,270.7,270.7,2,5.678271308523408,1,10.0,2
0,0,0,0,2,1,3,0,0,4,0,0.0,198.0,198.0,0,10.0,2,0.0,0
1,7,1,1,2,1,4,0,0,5,0,0.0,158.0,158.0,7,3.979041702739614,1,10.0,2
4,5,1,5,2,1,1,0,0,2,0,0.0,149.0,149.0,7,4.0,1,4.24,1
1,7,1,1,2,1,4,0,0,5,0,0.0,144.0,144.0,9,4.756432047862173,1,4.341473513776723,1
1,7,1,1,0,1,1,0,0,1,0,0.0,118.0,118.0,1,0.99,0,5.42,1
1,7,1,1,0,1,1,0,0,6,0,0.0,100.0,100.0,7,2.711626604170067,0,10.0,2
1,7,1,0,2,1,1,0,0,1,0,0.0,96.7,96.7,1,3.32,0,5.12,1
4,5,0,0,0,1,1,0,0,4,2,0.0,95.0,95.0,9,3.146157559409307,0,4.884221350690346,1
4,5,2,2,1,2,1,1,0,4,1,0.0,85.3,85.3,2,1.87875150060024,0,5.432702439402354,1
1,7,1,1,3,1,1,0,0,5,0,0.0,68.0,68.0,10,3.249001623024425,0,0.0,0
1,7,1,1,0,2,4,0,0,1,0,0.0,64.0,64.0,1,3.98,1,0.0,0
4,5,1,5,3,1,1,0,0,1,0,0.0,63.3,63.3,1,0.75,0,0.0,0
1,7,1,1,2,1,1,3,2,5,0,0.0,61.7,61.7,1,2.32,0,4.1,1
4,5,2,2,1,3,4,1,0,4,1,0.0,59.7,59.7,2,-0.5362702309839602,0,0.0,0
1,7,1,1,0,1,1,0,0,2,0,0.0,56.7,56.7,7,3.5,1,5.18,1
1,7,3,1,0,1,1,0,0,4,2,0.0,48.7,48.7,7,3.541416566626651,1,10.0,2
1,7,1,1,3,1,1,3,0,1,0,0.0,48.0,48.0,4,4.32,1,0.0,0
2,3,3,1,2,1,3,0,0,2,0,0.0,47.0,47.0,7,3.394537246912535,0,0.0,0
4,5,3,5,2,1,1,0,0,4,3,0.0,46.7,46.7,5,3.18,0,4.33,1
4,5,3,5,3,1,1,0,0,4,0,0.0,46.0,46.0,9,2.424969987995197,0,4.767645230789886,1
3,5,3,4,0,3,4,0,0,4,2,0.0,42.3,42.3,1,4.14,1,4.17,1
1,7,1,1,0,1,1,0,0,1,0,0.0,40.3,40.3,1,2.69,0,5.87,1
4,6,0,5,0,1,1,0,2,4,0,0.0,33.0,33.0,11,4.27,1,10.0,2
1,1,1,1,0,1,1,0,2,1,0,0.0,32.7,32.7,1,2.69,0,4.24,1
3,6,0,4,0,3,2,0,2,3,3,0.0,31.7,31.7,12,1.38,0,10.0,2
4,6,3,0,1,1,4,0,2,4,0,0.0,31.3,31.3,9,2.364945978391357,0,5.185217070105473,1
3,6,3,4,0,3,3,0,2,4,0,0.0,31.0,31.0,1,10.0,2,10.0,2
1,1,0,1,0,1,1,0,2,4,0,0.0,30.7,30.7,7,3.14,0,10.0,2
1,1,1,1,2,1,4,0,2,5,0,0.0,28.7,28.7,6,2.25,0,4.26,1
4,6,3,5,0,1,4,0,2,3,3,0.0,27.3,27.3,6,2.31,0,0.0,2
1,1,1,1,2,1,4,0,2,1,0,0.0,25.0,25.0,6,3.68,1,0.0,0
4,6,1,0,0,1,4,0,2,5,0,0.0,24.0,24.0,7,3.50558166467964,1,4.217253058145084,1
1,1,3,1,0,1,4,0,2,4,2,0.0,23.3,23.3,7,3.14,0,4.11,1
1,1,1,1,0,1,1,0,2,2,0,0.0,21.7,21.7,8,3.14,0,4.97,1
1,1,0,1,2,1,4,0,2,4,0,0.0,21.3,21.3,6,2.11,0,4.17,1
4,6,1,5,0,1,1,0,1,5,0,0.0,21.0,21.0,1,1.12,0,4.62,1
3,6,3,4,0,3,4,0,1,4,0,0.0,18.3,18.3,12,1.41,0,4.21,1
4,6,2,2,1,0,1,1,2,4,1,0.0,18.0,18.0,2,2.845138055222089,0,4.559337082115291,1
1,1,2,2,1,1,1,1,2,4,1,0.0,17.7,17.7,2,2.436974789915967,0,0.0,0
4,6,0,5,2,1,4,0,1,4,0,0.0,17.3,17.3,7,4.41,1,4.18,1
4,6,1,5,2,0,4,0,1,4,0,0.0,17.0,17.0,6,4.25,1,0.0,0
4,6,3,0,2,1,1,0,1,5,0,0.0,16.7,16.7,1,3.549448393815356,1,4.344101254184316,1
3,6,0,4,2,0,1,0,1,4,3,0.0,16.7,16.7,5,3.3,0,4.25,1
1,1,3,1,0,1,1,0,1,5,0,0.0,15.7,15.7,8,3.5,1,4.56,1
1,1,1,1,2,1,1,0,1,1,0,0.0,15.0,15.0,4,3.15,0,4.95,1
4,6,1,0,0,0,3,0,1,4,1,0.0,14.0,14.0,4,0.12,0,5.17,1
3,6,0,4,0,3,3,0,1,4,0,0.0,12.7,12.7,8,10.0,2,0.0,0
3,6,0,6,2,0,3,0,1,4,0,0.0,12.3,12.3,12,4.477791116446578,1,0.0,0
4,6,1,5,2,1,1,0,1,5,0,0.0,9.7,9.7,1,1.95,0,0.0,0
4,6,3,5,0,1,1,0,1,4,0,0.0,9.0,9.0,4,2.25,0,5.6,1
3,6,3,4,0,3,1,0,1,4,0,0.0,9.0,9.0,4,5.68,1,0.0,0
4,6,0,5,0,1,4,0,1,4,0,0.0,9.0,9.0,6,2.78,0,0.0,0
1,1,3,1,0,1,1,0,1,5,0,0.0,9.0,9.0,7,3.054461457560648,0,4.495602432956596,1
1,1,1,1,2,0,1,0,1,1,0,0.0,8.3,8.3,1,2.1,0,4.86,1
4,6,3,5,0,1,1,0,1,5,0,0.0,8.3,8.3,4,3.98402734587811,1,4.710312712806052,1
4,6,0,5,2,0,1,0,1,4,0,0.0,7.0,7.0,4,3.42,1,0.0,0
1,1,3,1,2,1,1,0,1,2,0,0.0,4.0,4.0,1,3.018853841020056,0,0.0,0
4,6,1,1,2,1,1,0,1,6,0,0.0,4.0,4.0,7,3.12,0,4.22,1
4,6,0,5,0,2,4,0,1,5,0,0.0,2.3,2.3,9,2.360944377751101,0,0.0,0
1,1,1,1,0,1,1,0,1,2,0,0.0,2.0,2.0,1,10.0,2,0.0,0
1,1,2,2,1,1,1,1,1,4,1,0.0,1.3,1.3,2,2.352772649507306,0,4.651069110889424,1
1,1,2,2,1,1,1,1,1,2,1,0.0,1.0,1.0,2,1.772078452723602,0,4.364406520970258,1
4,6,2,2,1,2,4,1,1,4,1,0.0,0.0,0.0,2,1.136591684866718,0,0.0,0
4,6,2,2,1,2,1,1,1,2,1,0.0,0.0,0.0,2,2.132853141256503,0,4.628136103695891,1
3,6,2,2,1,3,1,1,1,5,1,0.0,0.0,0.0,2,1.071415011787847,0,5.045325726224918,1
5,9,2,2,1,1,1,1,1,2,1,0.0,0.0,0.0,2,1.396734037849219,0,0.0,0
3,6,3,6,0,3,1,0,1,4,0,0.0,0.0,0.0,4,10.0,2,4.97,1
1,1,1,1,2,1,1,0,1,1,0,0.0,0.0,0.0,4,1.91,0,4.75,1
4,6,1,5,2,2,1,0,1,5,0,0.0,0.0,0.0,4,2.26,0,5.25,1
4,6,3,5,3,1,1,0,1,4,2,0.0,0.0,0.0,9,3.07,0,4.42,1
