ID,OF2,OF3,OF4,OF5,OF6,OF7,OF8,OF9,OF10,OF11,OF12,OF13,OF14,OF15,OF16,OF17,OF18,OF19,OF20,OF21,OF22,OF23,OF24,OF25,OF26,OF27,OF28,OF29,OF30,OF31,OF32,OF33,OF34,OF37,OF38,F1,F2,F3_1,F3_2,F3_3,F3_4,F3_5,F3_6,F3_7,F4,F5,F6,F7,F8,F9,F10,F11,F12,F13,F14,F15,F16,F17,F18,F19,F20,F21,F22,F23,F24,F25,F26,F27,F28,F29,F30,F31,F32,F33,F34,F35,F36,F37,F38,F39,F40,F41,F42,F43,F44,F45,F46,F47,F48,F49,F50,F51,F52,F53,F54,F55,F56,F57,F58,F59,F62,F63,F64,F65,F66,F67,F68,S1,S2,S3,S4,S5,S6,PC,FC,WRI,SVT,VCHWC,HWCC,MC,PP,ST,SWP,DP,ADLM,ATDO,AOD,WS_Benefit ,WS Benefit Score 
4,3,3,6,0,3,0,4,4,2,1,0.0,3,4,5,4,3,0.66,1.0,3,3,1,0,2,0,4,1357,0,5,0,0,0.0,0.3333333333333333,0.2857142857142857,0.0,1,2,3,0,0,1,1,1,3,3,0,23,2,2,1,0,1,0,0,1,1,2,1,1,0,0,1,3,3,1,1,2,0,0,1,1,0,0,0,0,0,0,0,0,0,0,0,0,0,0,1,3,0.0,0,2,1,4,0,0,4,0,1,0,1,5,0,6,0.0,2,6.19,29.0,0.0,0.3787878787878788,0.0,0.0,0.0,0.0,0.0,0.0,0,0,0,0,0,0,0,0,0,0,0,1.3,29.3,28.0,0.0,0
5,1,4,6,0,0,0,4,4,2,1,0.0,2,4,5,3,3,0.75,0.0,3,3,1,0,2,0,3,1337,0,5,0,0,0.0,0.3333333333333333,0.2857142857142857,0.0,1,2,0,1,0,1,5,1,1,1,0,18,3,0,0,0,0,0,0,4,1,2,1,2,1,0,1,3,2,0,3,0,0,0,1,0,0,4,0,0,0,0,0,0,0,0,0,0,0,2,1,4,1.0,2,2,0,4,0,0,4,0,1,0,1,5,0,6,0.0,1,5.578095744680851,101.0,0.2142857142857143,0.3787878787878788,0.0,0.0,0.0,0.0,0.0,0.0,0,0,1,0,1,0,0,0,0,1,1,0.0,27.3,27.3,0.0,0
6,0,4,6,0,0,0,4,4,2,2,0.0,6,5,5,4,3,0.73,0.0,3,3,0,0,2,0,3,1418,0,5,0,0,0.0,0.3333333333333333,0.2857142857142857,0.0,1,2,0,2,1,1,4,1,2,0,0,23,3,0,0,0,0,0,0,3,1,0,1,1,1,0,1,3,3,1,0,4,0,0,1,1,1,0,0,0,0,0,0,0,0,0,0,0,0,0,1,4,1.0,1,2,1,4,0,0,4,0,1,0,0,5,0,6,0.0,0,5.82,20.0,1.0,0.3787878787878788,0.0,0.0,0.0,0.0,0.0,0.0,0,0,0,0,1,0,0,0,1,0,2,0.0,9.0,9.0,0.0,0
7,0,4,6,0,3,0,3,0,0,4,0.0,6,5,5,4,3,0.42,0.0,3,3,0,0,2,0,3,1340,0,5,0,0,0.0,0.3333333333333333,0.2857142857142857,0.0,1,2,0,2,0,0,3,0,3,2,0,18,2,1,2,0,1,0,0,3,0,2,1,2,1,0,2,2,3,1,1,1,0,0,1,1,0,0,0,0,0,0,0,0,0,0,0,1,0,0,1,3,0.0,0,2,0,4,0,0,3,0,1,0,0,5,0,6,0.0,2,7.13,85.0,0.0,0.3787878787878788,0.0,0.0,0.0,0.0,0.0,0.0,0,1,1,0,0,0,1,0,2,0,1,0.0,46.7,46.7,0.0,0
12,3,4,6,0,3,0,3,4,2,3,0.0,5,3,5,4,3,0.66,0.0,0,0,1,0,2,0,3,1357,0,5,0,0,0.0,0.3333333333333333,0.2857142857142857,0.0,1,1,2,1,0,2,1,2,3,3,1,1,3,2,0,0,0,0,0,1,3,1,1,0,0,1,0,2,1,1,1,1,0,0,1,4,1,4,1,4,2,4,1,1,0,1,1,1,0,1,0,1,0.0,0,2,0,4,0,0,4,0,1,0,0,5,0,6,0.0,3,4.16,52.0,1.0,0.0,0.0,0.0,0.0,0.0,0.0,0.0,1,2,2,1,0,0,2,0,2,2,2,9.0,408.0,399.0,0.0,0
16,0,4,6,0,3,0,4,4,2,1,0.0,5,4,5,4,3,0.6,0.0,3,3,0,0,2,0,3,1418,0,5,0,0,0.0,0.3333333333333333,0.2857142857142857,0.0,1,3,2,1,0,1,0,1,2,4,0,23,2,3,1,1,1,0,0,1,2,2,1,0,0,0,1,2,3,1,0,1,0,0,1,1,0,0,0,0,0,0,0,0,0,0,0,1,0,0,1,1,0.0,1,2,0,4,0,0,4,0,1,0,1,5,0,6,0.0,1,6.17,33.0,0.2142857142857143,0.3787878787878788,0.0,0.0,0.0,0.0,0.0,0.0,2,3,0,1,1,0,3,0,2,0,2,1.7,62.0,60.3,0.0,0
17,1,4,6,0,3,0,4,4,2,2,0.0,6,4,5,4,3,0.55,0.0,3,3,0,0,2,0,2,1407,0,5,0,0,0.0,0.3333333333333333,0.2857142857142857,0.0,1,3,2,1,0,1,1,1,2,4,1,23,3,3,1,0,0,0,0,1,1,1,1,2,0,1,1,3,3,2,0,1,0,0,1,1,1,3,0,0,0,0,0,0,0,0,0,1,0,1,0,2,0.0,0,2,0,4,0,0,4,0,1,0,1,5,0,6,0.0,3,6.35,63.0,1.0,0.3787878787878788,0.0,0.0,0.0,0.0,0.0,0.0,2,4,2,1,0,0,0,0,0,2,2,0.0,28.7,28.7,0.0,0
18,2,5,6,0,3,0,4,4,2,4,1.0,2,4,5,4,3,0.01,0.0,3,3,1,0,2,2,3,1426,1,5,0,0,0.0,0.0,0.2857142857142857,0.0,1,3,2,0,0,0,0,0,3,4,2,21,3,3,2,0,1,0,0,1,1,1,1,1,1,0,1,3,2,2,1,2,0,0,1,1,1,4,0,0,0,0,0,0,0,0,0,0,0,1,0,2,0.0,0,2,0,4,0,0,4,0,1,0,1,5,0,6,0.007692307692307693,0,6.02,137.2142857142857,0.2142857142857143,0.3787878787878788,0.0,0.0,0.0,0.0,0.0,0.0,2,4,2,1,0,0,0,0,0,3,2,0.0,25.0,25.0,0.0,0
22,3,4,6,0,3,0,4,4,2,3,0.0,3,2,5,4,3,0.71,0.0,3,3,0,0,2,0,3,1523,0,0,0,0,0.0,0.3333333333333333,0.2857142857142857,0.0,1,3,2,1,1,1,2,0,2,4,0,2,2,3,1,0,1,0,0,1,1,2,1,1,0,0,0,3,3,1,1,1,0,0,1,1,1,1,0,0,0,0,0,0,0,0,0,1,0,1,0,2,0.0,1,2,0,4,0,0,4,0,1,0,1,5,0,6,0.0,3,6.31,61.0,0.0,0.3787878787878788,0.0,0.0,0.0,0.0,0.0,0.0,2,4,0,1,0,0,0,0,0,0,2,0.0,21.3,21.3,0.0,0
27,1,4,6,0,0,0,4,4,2,2,0.0,4,5,5,4,3,0.75,0.0,3,3,1,0,2,0,3,1363,0,5,0,0,0.0,0.3333333333333333,0.2857142857142857,0.0,1,2,0,5,0,5,0,1,1,1,2,21,2,0,0,0,0,0,0,0,3,0,1,0,1,0,1,3,1,0,4,4,0,0,0,0,0,4,0,0,0,0,0,0,0,0,0,0,0,4,0,0,1.0,2,2,0,4,0,0,4,0,1,0,3,0,0,6,0.007692307692307693,1,5.578095744680851,137.2142857142857,0.2142857142857143,0.3787878787878788,0.0,0.0,0.0,0.0,0.0,0.0,3,0,0,2,1,1,2,0,0,1,2,2.3,23.3,21.0,0.0,0
28,2,4,6,0,0,0,4,4,2,3,0.0,0,5,5,2,3,0.45,0.0,3,3,1,0,2,0,3,1428,0,5,0,0,0.0,0.3333333333333333,0.2857142857142857,0.0,1,2,0,4,0,2,3,1,1,0,0,23,2,0,0,0,0,0,0,2,2,1,1,1,1,0,2,3,3,1,1,4,0,0,1,1,1,1,0,0,0,0,0,0,0,0,0,1,0,1,0,4,0.0,0,2,1,4,0,0,4,0,1,0,0,5,0,6,0.0,3,6.57,50.0,1.0,0.3787878787878788,0.0,0.0,0.0,0.0,0.0,0.0,3,0,1,2,0,1,3,0,0,0,2,0.3,26.0,25.7,0.0,0
31,0,4,6,0,3,0,3,4,2,2,0.0,6,5,5,2,3,0.56,0.0,3,3,0,0,2,0,3,1345,1,5,0,0,0.0,0.3333333333333333,0.2857142857142857,0.0,1,2,0,3,0,2,2,1,2,2,0,83,2,1,2,0,1,0,0,1,0,2,1,1,2,0,2,0,3,1,1,2,0,0,1,1,1,1,1,3,2,4,0,1,0,0,2,1,0,0,1,3,0.0,1,2,0,4,0,0,0,0,1,0,0,5,0,6,0.0,0,6.4,68.0,0.0,0.3787878787878788,0.0,0.0,0.0,0.0,0.0,0.0,3,0,0,2,0,2,1,0,1,0,1,0.0,16.7,16.7,0.0,0
39,3,4,6,0,3,0,3,4,2,3,0.0,2,2,5,2,3,0.5,0.0,3,3,1,0,2,0,3,1380,0,5,0,0,0.0,1.0,0.2857142857142857,0.0,0,1,2,1,0,1,0,1,4,3,2,21,3,2,0,0,1,0,0,1,3,2,1,1,0,1,1,2,1,1,2,2,0,0,1,1,0,1,0,0,0,0,0,0,0,0,0,1,0,2,1,3,1.0,2,2,1,4,0,0,4,0,1,0,1,5,0,6,0.0,1,6.42,22.0,0.0,0.3787878787878788,0.0,0.0,0.0,0.0,0.0,0.0,1,5,0,3,0,0,2,0,2,0,2,8.7,66.7,58.0,0.0,1
40,3,4,6,0,3,0,3,4,2,3,0.0,3,1,5,4,3,0.6,0.0,3,3,1,0,2,0,2,1380,0,5,0,0,0.0,1.0,0.2857142857142857,0.0,0,0,0,1,0,1,0,1,2,3,2,21,3,2,1,0,0,0,0,1,4,0,0,0,0,0,0,2,1,0,4,0,0,0,0,0,0,4,0,0,0,0,0,0,0,0,0,0,0,4,0,0,1.0,2,2,0,4,0,0,4,0,1,0,1,5,0,6,0.0,1,5.578095744680851,137.2142857142857,0.2142857142857143,0.3787878787878788,0.0,0.0,0.0,0.0,0.0,0.0,4,6,0,1,0,0,4,0,2,1,2,9.7,67.3,57.59999999999999,0.0,0
41,2,4,6,0,3,0,4,4,2,4,0.0,6,3,5,3,3,0.77,0.0,3,3,2,0,2,2,3,1337,1,5,0,0,0.0,0.3333333333333333,0.2857142857142857,0.0,1,1,2,1,0,1,0,1,1,4,1,3,3,3,1,0,1,0,0,0,4,0,1,2,0,1,0,2,3,1,1,0,0,0,1,1,1,4,1,4,4,4,0,1,0,0,0,1,0,0,1,3,0.0,2,2,0,4,0,0,4,0,1,0,1,4,0,3,0.0,1,4.45,101.0,0.0,0.0,0.0,0.0,0.0,0.0,0.0,0.0,1,2,0,1,0,0,4,0,2,2,2,6.7,105.0,98.3,0.0,0
42,1,4,6,0,3,0,4,4,2,3,0.0,5,3,5,4,3,0.8,0.0,3,3,2,0,2,0,2,1363,0,5,0,0,0.0,0.3333333333333333,0.2857142857142857,0.0,1,0,2,1,0,2,0,2,2,3,2,3,1,2,0,0,0,0,0,0,4,0,1,0,0,0,0,2,1,0,3,4,0,0,1,0,0,4,0,0,0,0,0,0,0,0,0,0,0,3,0,0,1.0,2,2,0,4,0,0,4,0,1,0,0,5,0,6,0.0,0,3.77,112.0,0.0,0.0,0.0,0.0,0.0,0.0,0.0,0.0,4,7,0,1,0,0,2,0,2,0,2,2.7,48.3,45.59999999999999,0.0,0
45,3,4,6,0,3,0,3,4,2,4,0.0,5,2,2,3,3,0.4,0.0,3,3,1,0,2,3,3,1496,1,5,0,0,0.0,0.0,0.2857142857142857,0.0,1,1,2,1,0,1,0,1,2,5,0,2,3,3,0,0,0,0,0,1,3,1,1,0,0,0,1,2,1,3,0,2,0,0,1,1,2,4,1,3,3,4,1,1,0,0,1,1,0,0,0,2,0.0,0,2,0,4,0,0,4,0,1,0,1,5,0,6,0.007692307692307693,3,4.68,137.2142857142857,0.2142857142857143,0.3787878787878788,0.0,0.0,0.0,0.0,0.0,0.0,1,2,2,1,1,0,2,0,2,3,2,8.3,70.0,61.7,0.0,0
54,1,4,4,0,3,0,3,4,2,0,0.0,4,4,5,0,3,0.49,0.0,3,3,1,0,2,0,3,1421,0,5,0,0,0.0,1.0,0.2857142857142857,0.0,0,0,2,2,0,2,0,3,3,2,1,5,0,1,0,0,0,0,0,0,4,0,0,0,0,0,0,2,1,0,4,0,0,0,0,0,0,4,0,0,0,0,0,0,0,0,0,0,0,0,2,4,1.0,2,2,0,3,1,1,4,0,1,0,3,5,0,6,0.0,1,4.5,55.0,0.2142857142857143,0.3787878787878788,0.0,0.0,0.0,0.0,0.0,0.0,4,7,0,3,0,3,4,0,2,1,2,5.7,85.3,79.6,0.0,0
55,3,4,6,0,3,0,3,4,2,3,0.0,2,1,5,4,3,0.59,0.0,3,3,2,0,2,0,3,1437,1,5,0,0,0.0,0.3333333333333333,0.2857142857142857,0.0,1,0,2,2,0,2,0,2,4,2,2,21,2,1,1,0,0,0,0,0,4,2,1,0,0,0,1,2,1,0,4,2,0,0,0,0,0,4,0,0,0,0,0,0,0,0,0,0,0,3,0,0,1.0,2,2,0,4,0,0,4,0,1,0,1,5,0,6,0.0,1,3.65,53.0,0.0,0.3787878787878788,0.0,0.0,0.0,0.0,0.0,0.0,4,7,0,3,0,0,4,0,2,0,2,10.0,98.7,88.7,0.0,0
57,0,4,6,0,0,3,3,4,2,4,0.0,6,3,5,4,3,0.77,0.0,3,3,2,0,2,3,3,1493,1,5,0,0,0.0,0.3333333333333333,0.2857142857142857,0.0,1,0,2,2,0,2,0,2,3,2,2,5,0,1,0,0,0,0,0,1,4,2,0,1,0,0,1,2,1,1,3,3,0,0,1,1,1,4,0,0,0,0,0,0,0,0,0,0,0,3,0,0,1.0,2,2,0,4,0,0,4,0,1,0,1,5,0,6,0.0,1,3.69,96.0,0.0,0.3787878787878788,0.0,0.0,0.0,0.0,0.0,0.0,4,7,0,3,1,0,4,0,2,0,2,5.3,161.3,156.0,0.0,0
69,3,3,6,0,3,0,3,2,1,0,0.0,3,1,2,4,3,0.286,0.0,3,3,1,0,1,1,2,1881,1,5,1,0,0.0,0.0,0.2857142857142857,0.0,3,2,3,1,1,0,4,1,2,3,0,3,3,2,1,2,0,0,0,3,0,1,1,2,0,0,0,2,2,3,0,2,1,0,1,1,2,4,1,3,2,3,2,1,1,0,2,1,0,1,0,3,0.0,0,1,0,3,0,1,4,0,1,1,2,5,0,6,0.0,2,7.09,360.0,1.0,0.3787878787878788,0.3333333333333333,0.5555555555555556,0.0,0.0,0.0,0.0,0,1,2,0,0,0,1,0,2,3,2,0.0,66.23146067415729,62.37828282828283,3.52,1
72,2,4,6,0,3,0,3,4,2,3,0.0,2,4,4,4,3,0.42,0.0,3,3,2,0,2,3,3,1854,1,4,0,0,0.0,0.0,0.2857142857142857,0.0,1,2,0,1,1,2,2,2,2,2,2,3,2,1,1,0,1,0,0,2,3,2,1,0,1,0,2,2,2,1,3,4,0,0,1,1,0,4,0,0,0,0,0,0,0,0,0,0,0,3,0,0,1.0,2,2,0,4,0,0,4,0,1,0,0,5,0,6,0.007692307692307693,0,4.52,137.2142857142857,0.2142857142857143,0.3787878787878788,0.0,0.0,0.0,0.0,0.0,0.0,0,1,0,3,0,0,2,0,2,2,2,3.7,110.7,107.0,0.0,1
73,3,4,6,0,3,0,3,4,2,0,0.0,0,4,4,4,3,0.46,0.0,3,3,1,0,2,3,3,1730,1,5,0,0,0.0,0.0,0.2857142857142857,0.0,1,2,3,2,1,1,3,0,2,3,0,6,1,2,1,2,1,0,0,2,0,1,1,1,0,0,1,2,2,3,0,2,0,0,1,1,1,4,1,2,1,4,1,1,1,1,2,1,0,1,0,4,0.0,0,2,0,3,1,1,4,0,1,0,2,5,0,6,0.0,2,7.03,404.0,0.0,0.0,0.0,0.0,0.0,0.0,0.0,0.0,0,1,2,0,0,0,1,0,2,4,2,0.0,149.0,149.0,0.0,0
74,2,4,6,0,3,0,3,3,2,4,0.0,6,2,4,3,3,0.7,1.0,3,3,2,0,2,3,3,1730,1,5,0,0,0.0,0.0,0.2857142857142857,0.0,0,2,3,1,1,1,5,1,1,1,0,2,3,1,2,0,1,0,0,4,0,1,0,0,0,0,0,3,3,1,1,4,0,0,1,1,0,2,1,3,4,4,2,1,0,0,1,0,0,0,0,4,0.0,0,2,0,4,0,0,4,0,1,0,1,5,0,6,0.0,3,6.5,108.0,0.0,0.0,0.0,0.0,0.0,0.0,0.0,0.0,0,0,0,0,1,0,1,0,0,0,2,0.0,33.0,33.0,0.0,0
75,3,4,5,0,3,0,3,4,2,0,0.0,4,3,2,4,3,0.29,0.0,3,3,1,0,2,1,3,2078,1,5,0,0,0.0,0.0,0.2857142857142857,0.0,3,2,2,1,1,1,1,1,2,4,2,63,2,3,1,2,1,0,0,1,0,2,1,2,0,0,1,4,1,3,0,2,0,0,1,1,1,3,1,2,2,4,1,1,0,0,2,1,0,0,0,2,0.0,0,2,0,4,0,0,3,0,1,0,1,5,0,6,0.0,2,6.33,98.0,1.0,0.0,0.0,0.0,0.0,0.0,0.0,0.0,0,0,2,1,0,0,1,0,1,5,2,0.0,4.0,4.0,0.0,0
76,3,5,5,0,3,0,3,3,2,0,0.0,6,4,0,2,3,0.01,0.0,3,3,1,1,1,1,3,1933,0,5,0,0,0.0,0.0,0.2857142857142857,0.0,1,3,2,0,0,0,1,0,1,6,1,2,3,4,1,3,0,0,0,1,0,1,1,2,1,2,1,3,1,3,0,2,0,0,1,1,2,4,1,3,3,2,1,1,1,1,1,1,0,0,0,2,0.0,0,2,0,3,0,1,4,1,1,2,2,5,0,6,0.0,6,7.22,670.0,1.0,0.0,0.0,0.5555555555555556,0.0,0.0,0.0,0.0,2,4,2,1,1,0,1,0,0,4,2,0.0,21.7,21.7,4.47,1
80,3,4,5,3,3,0,3,0,0,0,0.0,3,5,3,3,3,0.17,0.0,3,3,1,0,1,1,3,1933,1,5,0,0,0.0,0.0,0.2857142857142857,0.0,3,3,2,0,0,0,2,0,2,4,2,2,3,3,1,1,1,0,0,1,0,1,1,0,1,0,1,2,1,4,0,2,0,0,1,2,2,4,1,3,1,4,1,1,1,1,2,1,0,1,0,2,0.0,0,1,0,2,1,1,4,0,1,2,2,4,0,6,0.0,2,7.03,242.0,1.0,0.0,0.3333333333333333,0.0,0.0,0.8333333333333334,0.0,0.0,2,3,2,1,1,0,1,0,2,4,2,0.0,56.7,56.7,0.0,0
84,3,4,6,0,3,0,3,4,2,0,0.0,2,4,4,4,3,0.48,0.0,3,3,1,0,2,3,1,1854,1,5,0,0,0.0,0.0,0.2857142857142857,0.0,1,3,2,0,1,0,1,0,2,5,0,10,3,3,1,1,0,0,0,0,1,1,0,1,1,0,1,3,3,1,1,1,0,0,1,1,0,1,1,4,2,3,2,1,0,0,1,1,0,0,0,1,0.0,0,2,0,4,0,0,4,0,1,2,3,4,0,6,0.007692307692307693,3,5.18,137.2142857142857,0.2142857142857143,0.3787878787878788,0.0,0.0,0.0,0.0,0.0,0.0,2,4,1,1,1,0,0,0,0,0,0,0.0,23.3,23.3,0.0,0
86,2,4,4,3,3,0,3,3,2,0,0.0,6,3,4,0,3,0.16,0.0,3,3,0,0,2,3,2,1865,1,5,0,0,0.0,1.0,0.2857142857142857,0.0,0,3,1,0,0,0,0,0,2,4,0,2,3,3,0,0,0,0,0,1,1,1,1,1,0,1,1,4,3,2,0,2,0,0,1,1,1,3,1,4,4,2,1,1,0,0,0,1,0,0,0,1,0.0,0,2,0,3,0,1,3,0,1,2,2,4,0,6,0.007692307692307693,2,4.18,137.2142857142857,0.2142857142857143,0.3787878787878788,0.0,0.3333333333333333,0.0,0.0,0.0,0.0,2,4,1,1,1,0,1,0,1,2,2,0.0,15.7,15.7,0.0,0
87,3,4,6,0,3,0,3,2,1,4,0.0,4,3,4,3,3,0.23,1.0,3,3,1,0,2,3,3,1815,0,0,0,0,0.0,0.3333333333333333,0.2857142857142857,0.0,1,3,0,0,0,0,2,0,2,5,0,2,2,3,1,0,0,0,0,1,2,2,1,0,0,0,1,1,1,3,0,2,0,0,1,1,1,4,1,2,4,4,1,1,0,1,1,1,0,0,0,2,0.0,0,2,0,4,0,0,4,0,1,0,1,5,0,6,0.0,2,5.19,137.2142857142857,1.0,0.0,0.0,0.0,0.0,0.0,0.0,0.0,2,4,2,1,1,0,3,0,1,4,2,4.7,14.0,9.3,0.0,0
89,3,4,6,0,2,0,3,1,1,0,0.0,1,5,3,4,3,0.11,1.0,3,3,2,0,2,3,3,1954,1,5,0,0,0.0,0.0,0.2857142857142857,0.0,3,3,2,0,0,0,1,0,2,5,0,34,3,3,1,1,0,0,0,1,0,0,0,0,0,0,1,3,3,1,0,2,0,0,1,1,1,3,0,0,0,0,0,0,0,0,0,1,0,1,0,2,0.0,1,2,0,4,0,0,4,0,1,1,3,4,0,6,0.0,0,6.33,156.0,1.0,0.0,0.0,0.0,0.0,0.0,0.0,0.0,2,4,0,1,1,0,1,0,0,0,2,0.0,30.7,30.7,0.0,0
90,0,3,6,0,0,0,2,4,2,0,0.0,6,4,5,3,3,0.52,0.0,0,0,2,0,2,3,3,1339,1,5,0,0,0.0,0.3333333333333333,0.2857142857142857,0.0,1,2,3,5,2,1,1,0,0,0,2,254,3,0,0,0,0,0,0,1,2,2,1,2,1,0,2,3,2,0,2,4,0,0,0,0,0,4,0,0,0,0,0,0,0,0,0,0,0,3,0,0,1.0,1,1,0,4,0,0,4,0,1,0,1,5,0,6,0.0,1,6.49,134.0,0.0,0.0,0.0,0.0,0.0,0.0,0.0,0.0,3,0,1,2,1,1,3,0,0,0,2,0.0,31.0,31.0,0.0,0
93,2,3,6,0,0,0,4,0,0,0,0.0,3,5,4,4,3,0.3,0.0,0,0,0,0,1,1,3,1608,1,5,0,0,0.0,0.0,0.2857142857142857,0.0,3,2,0,6,1,1,0,0,0,0,0,84,3,0,0,0,0,0,0,0,3,2,1,0,0,0,1,3,1,1,4,4,0,0,1,0,0,0,0,0,0,0,0,0,0,0,0,1,0,0,0,3,0.0,2,0,1,3,0,2,4,0,1,2,2,3,0,0,0.0,0,6.951,137.2142857142857,0.0,0.0,0.0,0.0,0.0,0.0,0.0,0.0,3,0,0,2,1,1,2,0,0,1,1,0.0,31.7,31.7,3.55,1
100,1,4,6,0,0,0,4,0,1,0,0.0,3,2,4,4,3,0.54,0.0,3,3,2,0,1,1,3,1887,0,5,0,0,0.0,0.0,0.0,0.0,3,2,0,5,2,1,1,1,1,0,1,84,3,0,0,0,0,0,0,0,0,2,1,3,1,0,1,2,3,1,2,4,0,0,1,1,0,3,0,0,0,0,0,0,0,0,0,1,0,1,1,3,0.0,2,2,0,4,0,0,4,0,1,0,1,4,0,0,0.0,0,6.67,186.0,0.0,0.0,0.0,0.0,0.0,0.0,0.0,0.0,3,1,1,2,1,1,0,0,2,0,0,0.0,42.3,42.3,0.0,0
102,3,4,6,0,0,0,4,3,2,0,0.0,4,1,3,4,3,0.52,0.0,3,3,1,0,2,3,3,1985,0,5,0,0,0.0,0.0,0.0,0.0,1,2,0,4,3,1,1,1,1,0,2,252,2,0,0,0,0,0,0,0,1,1,1,2,1,0,1,0,2,1,2,4,0,0,1,1,0,1,0,0,0,0,0,0,0,0,0,1,1,1,1,3,1.0,2,2,1,3,1,1,4,0,1,0,1,5,0,6,0.0,1,6.56,81.0,0.0,0.0,0.0,0.0,0.0,0.0,0.0,0.0,3,0,1,2,1,1,0,0,1,0,2,0.0,18.3,18.3,0.0,0
105,2,4,6,0,3,0,4,4,2,4,0.0,2,5,4,4,3,0.82,0.0,3,3,2,0,2,3,3,1408,1,5,0,0,0.0,0.3333333333333333,0.2857142857142857,0.0,1,1,2,1,0,1,0,2,2,3,2,3,3,2,1,0,0,0,0,0,4,0,0,0,0,0,0,2,1,0,4,0,0,0,0,0,0,4,0,0,0,0,0,0,0,0,0,0,0,3,0,0,1.0,2,2,0,4,0,0,4,0,1,0,1,2,0,3,0.0,1,5.578095744680851,137.2142857142857,0.2142857142857143,0.3787878787878788,0.0,0.0,0.0,0.0,0.0,0.0,1,2,0,1,1,0,4,0,2,1,2,4.7,66.23146067415729,62.37828282828283,0.0,0
110,2,4,6,0,3,0,3,4,2,1,0.0,3,4,5,4,3,0.23,0.0,3,3,1,0,2,1,3,1624,0,5,0,0,0.0,0.3333333333333333,0.2857142857142857,0.0,1,1,3,2,1,0,1,0,3,4,0,18,2,0,0,0,0,0,0,1,2,2,1,1,1,0,2,3,2,2,1,4,0,0,1,1,1,4,0,0,0,0,0,0,0,0,0,0,0,3,1,2,1.0,1,2,0,3,0,1,4,1,1,2,2,2,0,6,0.0,0,5.48,137.2142857142857,0.0,0.0,0.0,0.0,0.0,0.0,0.0,0.0,1,5,2,1,0,0,3,0,0,2,2,3.3,36.3,33.0,0.0,0
111,2,3,5,3,3,0,3,0,1,2,0.0,5,5,1,4,3,0.16,0.0,3,3,2,0,2,3,3,2075,0,5,0,0,0.0,1.0,0.2857142857142857,0.0,0,1,2,1,0,3,0,3,2,2,1,5,0,1,2,0,1,0,0,1,3,2,0,0,0,0,1,2,1,0,4,4,0,0,0,0,0,4,0,0,0,0,0,0,0,0,0,0,0,3,0,0,1.0,2,1,0,4,0,0,3,0,1,0,7,0,0,6,1.0,0,7.12,137.2142857142857,0.0,0.0,0.0,0.0,0.0,0.0,0.0,0.0,1,5,0,2,0,0,2,0,2,1,2,4.3,128.7,124.3,0.0,0
113,2,4,6,0,3,0,3,4,2,4,0.0,4,3,5,4,3,0.7,0.0,3,3,1,0,2,3,3,1579,1,5,0,0,0.0,0.3333333333333333,0.2857142857142857,0.0,1,3,0,1,1,1,1,0,3,3,2,2,3,2,1,1,1,0,0,1,2,1,1,2,0,0,1,3,2,2,0,1,0,0,2,2,2,4,1,3,2,4,2,1,0,0,1,0,0,1,1,1,1.0,1,2,0,3,1,1,4,0,1,0,1,3,0,2,0.0,1,5.95,105.0,0.0,0.0,0.0,0.0,0.0,0.0,0.0,0.0,2,4,1,1,0,0,3,0,0,4,2,3.425945945945946,20.0,20.0,0.0,0
114,3,4,6,0,3,0,4,4,2,4,0.0,2,5,5,2,3,0.51,0.0,3,3,2,0,2,3,3,1698,0,5,0,0,0.0,0.3333333333333333,0.2857142857142857,0.0,1,1,2,1,0,2,2,2,3,3,2,7,0,2,1,0,0,0,0,1,4,1,1,0,0,0,2,2,1,0,3,3,0,0,1,1,1,4,0,0,0,0,0,0,0,0,0,0,0,1,1,3,0.0,2,2,0,4,0,0,4,0,1,0,0,5,0,6,0.0,1,3.9,90.0,0.0,0.0,0.0,0.0,0.0,0.0,0.0,0.0,1,2,0,1,0,0,4,0,2,0,2,3.425945945945946,55.0,55.0,0.0,0
127,3,4,6,0,3,0,3,4,2,3,0.0,2,3,5,3,3,0.51,0.0,3,3,1,0,2,3,2,1624,1,5,0,0,0.0,0.3333333333333333,0.2857142857142857,0.0,1,1,3,0,0,0,0,0,4,2,0,0,3,2,0,1,1,0,0,1,3,1,1,2,0,0,0,2,1,2,1,1,0,0,1,2,1,4,1,2,0,0,1,1,0,0,1,0,0,1,0,3,0.0,0,2,0,4,0,0,4,0,0,0,0,5,0,6,0.0,2,6.07,41.0,0.0,0.3787878787878788,0.0,0.0,0.0,0.0,0.0,0.0,1,5,2,3,0,0,2,0,2,2,2,7.7,66.23146067415729,62.37828282828283,0.0,0
128,3,4,6,0,0,0,3,4,2,3,0.0,4,2,5,4,3,0.76,0.0,3,3,2,0,2,3,3,1579,0,5,0,0,0.0,0.3333333333333333,0.2857142857142857,0.0,1,0,2,1,0,1,0,1,4,2,0,3,2,0,0,0,0,0,0,0,3,1,1,0,0,1,2,2,1,1,3,1,0,0,1,1,1,4,1,4,3,4,2,1,0,0,1,0,0,4,0,0,1.0,2,2,0,4,0,0,4,0,1,0,1,5,0,6,0.0,1,3.96,230.0,0.0,0.0,0.0,0.0,0.0,0.0,0.0,0.0,4,6,0,3,0,3,2,0,2,0,2,3.425945945945946,66.23146067415729,58.3,0.0,0
131,1,4,6,0,3,0,3,4,2,4,0.0,4,4,4,2,3,0.46,0.0,3,3,2,0,0,3,4,1859,1,5,0,0,0.0,0.3333333333333333,0.2857142857142857,0.0,1,1,0,1,0,1,0,1,2,5,0,0,3,3,0,0,0,0,0,1,3,2,1,0,0,0,1,2,1,3,0,2,0,0,1,1,1,4,1,2,4,4,1,1,0,0,2,1,0,1,0,2,0.0,2,2,0,4,0,0,4,1,1,0,1,5,0,6,0.0,0,3.6,137.2142857142857,0.2142857142857143,0.3787878787878788,0.5,0.0,0.0,0.0,0.0,0.0,1,2,2,1,2,0,2,0,2,2,2,10.0,62.7,52.7,0.0,0
133,3,4,6,0,3,0,3,4,2,4,0.0,2,5,4,2,3,0.53,1.0,3,3,2,0,2,3,4,1677,1,5,0,0,0.0,0.3333333333333333,0.2857142857142857,0.0,1,0,2,1,0,1,1,3,3,2,2,5,2,1,1,0,0,0,0,0,4,0,0,0,0,0,0,2,1,1,3,2,0,0,0,0,0,4,0,0,0,0,0,0,0,0,0,0,0,3,0,0,1.0,2,2,0,4,0,0,4,0,1,0,1,5,0,6,0.0,1,3.89,55.0,0.0,0.0,0.0,0.0,0.0,0.0,0.0,0.0,4,6,0,3,0,0,4,0,2,0,2,10.0,62.7,52.7,0.0,0
134,3,4,6,0,3,0,4,4,2,3,0.0,2,5,5,2,3,0.81,0.0,3,3,2,0,2,3,3,1464,0,5,0,0,0.0,0.3333333333333333,0.2857142857142857,0.0,1,0,2,1,0,1,0,2,3,2,2,3,3,1,0,0,0,0,0,0,4,0,0,0,0,0,0,2,1,0,4,0,0,0,0,0,0,4,0,0,0,0,0,0,0,0,0,0,0,3,0,0,1.0,2,0,0,4,0,0,4,0,1,0,1,5,0,6,0.0,1,4.04,48.0,0.2142857142857143,0.3787878787878788,0.0,0.0,0.0,0.0,0.0,0.0,4,6,0,1,0,0,4,0,2,0,2,5.0,66.23146067415729,62.37828282828283,0.0,0
136,4,4,6,0,3,0,3,3,2,3,0.0,0,0,3,1,3,0.59,0.0,3,3,1,0,2,3,3,1985,0,5,0,0,0.0,1.0,0.2857142857142857,0.0,0,1,2,1,0,1,0,1,4,2,1,5,3,1,1,0,1,0,0,1,3,0,1,0,0,0,0,3,3,1,0,4,1,1,1,1,1,1,1,3,4,4,2,1,1,0,1,1,0,0,1,4,0.0,0,2,0,4,0,0,4,0,1,0,2,5,0,6,0.0,3,6.85,45.0,0.0,0.0,0.0,0.0,0.0,0.0,0.0,0.0,1,5,1,1,0,0,2,0,2,5,2,3.425945945945946,66.23146067415729,42.7,0.0,0
137,0,4,6,1,1,1,4,3,2,5,0.0,6,4,4,2,1,0.04,0.0,3,3,1,0,1,2,4,1799,1,5,0,0,0.0,0.3333333333333333,0.2857142857142857,0.02479338842975207,3,2,0,1,1,0,4,0,2,2,0,14,3,0,0,0,0,0,0,4,2,0,0,1,0,0,1,3,1,2,3,4,0,0,0,1,1,0,0,0,0,0,0,0,0,0,0,1,0,0,1,3,0.0,2,2,1,4,0,0,3,0,1,0,1,5,0,6,0.007692307692307693,1,5.578095744680851,137.2142857142857,0.2142857142857143,0.3787878787878788,0.0,0.0,0.0,0.0,0.0,0.0,0,0,0,0,1,3,3,0,0,2,2,6.3,31.7,25.4,0.0,0
141,0,3,5,1,3,2,2,4,2,4,0.0,6,3,5,1,3,0.079,0.0,3,3,0,2,1,1,0,1666,1,5,0,0,0.0,0.3333333333333333,0.2857142857142857,0.02479338842975207,0,2,0,2,0,1,5,0,1,1,0,6,2,0,0,0,0,0,0,4,2,0,1,3,0,0,2,3,2,2,2,4,0,0,1,1,1,0,1,0,2,4,0,1,0,0,2,1,0,0,0,4,0.0,2,2,2,4,0,0,3,5,1,0,0,5,0,6,0.0,0,5.578095744680851,137.2142857142857,0.2142857142857143,0.3787878787878788,0.6666666666666666,0.0,0.0,0.5,0.3333333333333333,0.0,0,0,2,0,1,3,3,0,0,2,2,3.0,27.0,24.0,3.9,1
145,1,4,6,0,3,0,3,0,1,3,0.0,6,5,5,3,0,0.16,0.0,3,3,0,0,1,3,2,1632,1,5,0,0,0.0,0.3333333333333333,0.2857142857142857,0.0,1,2,0,1,1,0,5,0,1,2,0,18,2,1,2,0,1,0,0,4,1,0,1,1,2,0,2,2,3,1,1,1,0,0,1,2,2,0,0,0,0,0,0,0,0,0,0,1,0,0,1,3,0.0,0,1,1,4,0,0,3,0,1,1,2,5,0,6,0.0,2,6.42,105.0,0.0,0.0,0.0,0.0,0.0,0.0,0.0,0.0,0,1,1,0,2,0,1,0,2,0,2,0.0,46.0,46.0,0.0,0
147,3,4,6,3,3,0,3,0,0,3,0.0,3,5,5,3,3,0.01,0.0,3,3,0,0,2,3,3,1516,1,5,0,0,0.0,0.3333333333333333,0.2857142857142857,0.0,3,2,3,0,0,0,4,0,2,2,0,2,3,1,2,1,1,0,0,1,0,0,0,1,0,1,1,2,3,1,0,2,0,0,3,1,2,2,0,0,0,0,0,0,0,0,0,1,0,0,1,4,0.0,0,2,0,3,1,2,4,0,1,0,2,5,0,6,0.0,2,6.97,183.0,0.0,1.0,0.0,0.0,0.0,0.0,0.0,0.0,0,1,0,3,1,0,1,0,2,0,0,0.0,95.0,95.0,0.0,0
148,1,4,6,0,3,0,3,0,0,1,0.0,5,5,5,4,3,0.41,0.0,3,3,0,1,1,3,3,1348,0,5,0,0,0.0,0.3333333333333333,0.2857142857142857,0.0,3,2,3,0,0,0,4,0,2,2,0,2,3,1,3,0,1,0,0,1,1,0,0,1,0,0,0,3,2,1,0,2,0,0,2,2,2,0,0,0,0,0,0,0,0,0,0,1,0,0,1,3,0.0,1,1,0,3,0,2,4,0,1,1,2,1,0,6,0.0,0,7.89,194.0,0.0,0.0,0.0,0.0,0.0,0.0,0.0,0.0,0,0,1,3,-1,0,0,0,0,0,2,0.0,31.3,31.3,5.280298608754666,1
153,1,5,5,0,3,0,2,2,2,4,0.0,6,4,5,3,3,0.42,0.0,3,3,1,0,2,1,3,1677,1,5,0,1,0.0,0.0,0.2857142857142857,0.0,3,3,2,0,0,1,1,1,2,4,0,0,2,3,0,2,0,0,0,1,3,0,1,0,0,0,1,2,0,1,2,3,0,0,1,1,0,1,0,0,0,0,0,0,0,0,0,1,0,0,0,1,0.0,1,2,0,4,0,0,4,0,1,0,1,5,0,6,0.0,0,5.578095744680851,137.2142857142857,0.0,0.3787878787878788,0.5,0.6666666666666666,0.0,0.6666666666666666,0.0,1.0,1,5,0,1,-1,0,2,-1,2,0,2,7.7,63.5,55.8,0.0,0
154,3,4,6,0,3,0,4,4,2,4,0.0,2,3,5,0,3,0.72,0.0,3,3,2,0,2,3,3,1455,0,4,0,0,0.0,1.0,0.2857142857142857,0.0,0,1,2,1,0,1,0,1,1,4,0,3,3,3,1,0,1,0,0,0,4,1,1,0,0,0,0,2,3,2,0,0,0,0,1,4,0,4,1,4,3,4,2,1,0,0,1,1,0,0,0,0,0.0,0,1,0,4,0,0,4,0,1,0,1,0,0,3,0.0,3,6.43,80.0,0.0,0.0,0.0,0.0,0.0,0.0,0.0,0.0,1,5,0,1,-1,0,4,0,2,2,2,8.3,66.23146067415729,62.37828282828283,0.0,0
155,3,4,6,0,3,0,3,3,2,2,0.0,6,5,5,3,3,0.31,1.0,3,3,1,0,2,3,3,1609,1,5,0,0,0.0,0.3333333333333333,0.2857142857142857,0.0,3,3,2,1,0,1,1,1,1,5,0,23,0,3,0,1,1,0,0,1,1,1,1,0,0,0,1,2,2,3,0,2,0,0,1,1,2,4,1,3,3,4,1,1,0,1,1,1,0,0,0,2,0.0,0,1,0,4,0,0,4,0,1,1,2,5,0,6,0.0,3,6.28,160.0,1.0,0.0,0.0,0.0,0.0,0.0,0.0,0.0,2,3,2,1,-1,0,0,0,2,2,2,0.0,158.0,158.0,0.0,0
156,1,3,6,3,3,0,3,2,2,4,0.0,6,4,5,4,1,0.09,1.0,3,3,0,0,2,3,3,1516,1,5,0,0,0.0,0.3333333333333333,0.2857142857142857,0.0,3,3,2,0,0,0,0,0,2,5,0,18,3,3,1,3,0,0,0,1,0,0,0,0,0,0,0,2,1,3,0,4,0,0,1,1,0,3,1,2,3,2,0,1,0,0,1,1,0,0,0,2,0.0,0,2,0,3,1,1,3,0,1,0,0,5,0,6,0.0,3,6.02,140.0,0.0,1.0,0.0,0.0,0.0,0.0,0.0,0.0,2,3,2,1,-1,0,1,0,2,5,2,0.0,100.0,100.0,0.0,0
160,0,4,6,1,3,0,3,1,1,2,0.0,6,3,5,4,3,0.57,1.0,3,3,1,1,1,3,4,1329,1,5,0,0,0.0,0.3333333333333333,0.2857142857142857,0.0,3,3,2,0,0,0,2,0,2,5,0,23,2,3,2,2,1,0,0,1,0,0,0,1,0,0,1,2,3,1,0,2,0,0,1,1,0,0,0,0,0,0,0,0,0,0,0,0,0,0,0,1,0.0,1,1,1,2,0,2,3,0,1,0,3,3,0,6,0.0,0,6.92,176.0,0.0,0.0,0.3333333333333333,0.4444444444444444,0.0,0.0,0.0,0.0,2,3,1,1,-1,0,1,0,2,0,0,0.0,48.7,48.7,5.603013233797082,2
163,4,4,6,0,0,0,3,4,2,4,0.0,2,1,5,4,3,0.54,0.0,3,3,1,0,2,1,3,1486,0,5,0,0,0.0,0.3333333333333333,0.2857142857142857,0.0,3,2,3,4,0,2,2,1,1,1,1,23,2,0,0,0,0,0,0,2,3,2,1,0,1,0,2,3,2,2,1,4,0,0,1,1,1,4,0,0,0,0,0,0,0,0,0,1,0,0,1,4,1.0,2,1,0,4,0,0,4,0,1,0,0,5,0,6,0.0,1,6.16,134.0,0.0,0.0,0.0,0.0,0.0,0.0,0.0,0.0,3,0,2,2,-1,1,2,0,0,2,2,1.0,29.7,28.7,0.0,0
167,0,4,5,0,0,0,3,0,0,4,0.0,6,4,5,4,0,0.39,0.0,3,3,1,0,2,2,3,1538,1,5,0,0,0.0,0.3333333333333333,0.2857142857142857,0.0,3,2,0,2,3,0,2,0,0,0,2,122,3,0,0,0,0,0,0,2,2,2,0,0,1,0,1,4,1,0,5,0,0,0,0,0,0,0,0,0,0,0,0,0,0,0,0,0,0,0,1,3,0.0,2,0,1,3,1,1,4,0,1,0,1,5,0,6,0.0,0,6.62,137.2142857142857,0.2142857142857143,0.3787878787878788,0.0,0.0,0.0,0.0,0.0,0.0,3,0,0,4,-1,2,3,0,1,0,2,0.0,12.3,12.3,10.0,2
169,2,4,6,0,0,0,3,3,2,4,0.0,6,5,5,4,3,0.43,0.0,3,3,1,0,2,3,3,1342,0,5,0,0,0.0,0.3333333333333333,0.2857142857142857,0.0,3,2,0,5,2,1,1,1,1,0,1,252,2,0,0,0,0,0,0,1,1,2,1,3,1,0,1,2,3,1,2,4,0,0,1,1,1,1,0,0,0,0,0,0,0,0,0,1,1,0,1,4,0.0,1,2,1,4,0,0,4,0,1,0,1,5,0,6,0.0,0,7.35,380.0,0.0,0.0,0.0,0.0,0.0,0.0,0.0,0.0,3,1,1,2,-1,1,0,0,2,0,2,0.3,40.3,40.0,0.0,0
174,0,4,6,3,3,1,3,3,2,4,0.0,6,3,5,1,3,0.0787,0.0,3,3,0,1,2,3,5,1670,1,5,0,0,0.0,0.3333333333333333,0.2857142857142857,0.02479338842975207,3,1,0,2,0,4,0,0,3,2,1,7,1,1,0,0,0,0,0,0,4,0,0,0,0,0,2,2,0,0,5,0,0,0,0,0,0,0,0,0,0,0,0,0,0,0,0,0,0,3,0,0,1.0,2,2,1,4,0,0,3,5,1,0,1,5,0,6,0.007692307692307693,0,5.578095744680851,137.2142857142857,0.2142857142857143,0.3787878787878788,0.0,0.0,0.0,0.5,0.0,0.0,1,2,0,2,-1,3,4,0,2,1,2,5.7,243.0,237.3,0.0,0
175,3,4,6,3,2,1,3,1,2,4,0.0,5,3,5,1,2,0.1969,0.0,3,3,1,1,2,2,3,1697,1,5,0,0,0.0,0.3333333333333333,0.2857142857142857,0.0,1,1,3,1,0,0,1,0,4,3,0,7,3,2,3,1,0,0,0,2,2,0,0,2,0,0,2,1,1,3,2,1,0,0,0,2,1,2,1,4,3,4,2,1,0,0,0,1,0,0,1,3,0.0,2,2,0,3,1,0,4,0,1,0,1,5,0,6,0.007692307692307693,0,5.578095744680851,137.2142857142857,0.0,1.0,0.0,0.0,0.4444444444444444,0.0,0.0,0.0,2,4,2,3,-1,0,3,0,1,3,2,2.0,34.0,32.0,3.84,1
177,3,4,6,1,3,0,3,4,2,1,0.0,3,3,5,4,3,0.77,0.0,3,3,2,0,2,3,3,1512,0,5,0,0,0.0,0.3333333333333333,0.2857142857142857,0.0,3,1,0,0,0,0,0,1,1,5,0,3,3,4,1,0,1,0,0,0,4,0,0,0,0,0,0,2,2,2,1,0,0,0,1,1,1,4,1,5,2,3,0,1,0,0,0,0,0,4,0,0,1.0,2,2,0,3,0,1,4,1,1,2,2,0,0,6,0.0,0,6.31,63.0,0.0,0.0,0.6666666666666666,0.5555555555555556,0.0,0.0,0.0,2.5,1,2,0,1,-1,0,2,0,2,0,2,2.7,143.3,140.6,3.485198506956227,1
178,0,4,6,0,3,0,3,4,2,4,0.0,6,4,5,0,3,0.58,0.0,3,3,3,0,2,3,3,1551,0,5,0,0,0.0,0.3333333333333333,0.2857142857142857,0.0,0,0,2,2,0,3,0,3,1,2,0,5,0,1,1,0,0,0,0,0,4,0,1,0,0,0,1,2,1,0,4,1,0,0,0,0,0,4,0,0,0,0,0,0,0,0,0,0,0,3,0,0,1.0,2,2,0,4,0,0,4,0,1,0,1,5,0,6,0.0,1,3.63,58.0,0.2142857142857143,0.3787878787878788,0.0,0.0,0.0,0.0,0.0,0.0,4,6,0,2,-1,3,4,0,2,0,2,4.7,165.0,160.3,0.0,0
189,0,5,6,0,3,0,3,4,2,4,0.0,6,4,5,0,3,0.58,0.0,3,3,2,0,2,3,3,1551,0,5,0,0,0.0,0.3333333333333333,0.2857142857142857,0.0,1,0,2,1,0,1,0,3,0,3,1,1,3,2,0,0,0,0,0,0,4,0,0,0,0,0,1,2,1,0,4,0,0,0,0,0,0,4,0,0,0,0,0,0,0,0,0,0,0,4,0,0,1.0,2,2,0,4,0,0,4,0,1,0,1,5,0,6,0.0,1,3.53,51.0,0.2142857142857143,0.3787878787878788,0.0,0.0,0.0,0.0,0.0,0.0,4,6,0,1,-1,0,4,0,2,0,2,7.7,229.7,222.0,0.0,0
191,2,4,5,1,3,0,2,3,2,4,0.0,3,2,5,3,3,0.47,0.0,3,3,2,0,2,3,3,1692,0,5,0,0,0.0,0.3333333333333333,0.2857142857142857,0.0,3,0,2,1,0,1,0,2,1,4,1,1,0,2,2,0,0,0,0,1,4,2,1,0,0,0,0,2,0,0,5,0,0,0,0,0,0,0,0,0,0,0,0,0,0,0,0,0,0,3,0,0,1.0,2,2,0,4,0,0,4,0,1,1,1,5,0,6,0.0,0,4.65,52.0,0.2142857142857143,0.3787878787878788,0.0,0.0,0.0,0.0,0.0,0.0,4,7,0,1,-1,0,4,0,2,0,2,5.0,51.7,46.7,0.0,0
192,0,5,6,0,3,0,3,3,2,4,0.0,6,5,5,3,3,0.45,0.0,3,3,3,0,2,0,3,1358,0,5,0,0,1.0,1.0,0.2857142857142857,0.0,0,0,2,1,0,2,0,2,2,4,0,1,2,3,1,0,0,0,0,0,4,0,1,0,0,0,0,2,1,0,4,0,0,0,0,0,0,4,0,0,0,0,0,0,0,0,0,0,0,4,0,0,1.0,2,2,0,4,0,0,4,0,1,0,1,5,0,6,0.0,1,4.85,64.0,0.2142857142857143,0.3787878787878788,0.0,0.0,0.0,0.0,0.0,0.0,4,7,0,1,-1,0,4,0,2,0,2,6.7,115.3,108.6,0.0,0
208,2,3,0,3,3,2,4,0,1,3,0.0,3,5,0,1,1,0.001,0.0,3,3,1,1,1,2,5,1945,1,5,0,0,0.0,0.3333333333333333,0.2857142857142857,0.02479338842975207,3,2,0,0,0,0,5,0,2,1,2,10,2,1,2,1,1,0,0,4,3,0,0,3,0,0,2,2,1,3,2,4,0,0,0,0,0,3,1,0,0,0,0,0,0,0,0,0,0,0,1,3,0.0,2,2,0,2,1,1,4,0,1,0,1,5,0,6,0.007692307692307693,0,5.578095744680851,137.2142857142857,0.2142857142857143,0.3787878787878788,0.0,0.0,0.0,0.0,0.0,1.0,0,0,2,0,-1,0,2,1,2,3,2,2.0,38.7,36.7,3.95,1
209,1,3,4,5,0,0,3,0,1,4,0.0,4,3,1,4,3,0.06,0.0,3,3,1,1,2,2,3,1950,1,5,0,1,0.0,0.0,0.2857142857142857,0.02479338842975207,3,2,0,2,1,1,4,1,2,0,0,7,0,2,2,0,0,1,1,3,1,0,0,1,0,0,1,1,0,1,4,4,0,0,1,1,1,2,0,0,0,0,0,0,0,0,0,0,0,0,0,0,0.0,1,0,0,2,0,2,3,0,1,2,2,4,0,6,0.007692307692307693,0,5.578095744680851,137.2142857142857,0.2142857142857143,0.3787878787878788,0.5,0.4444444444444444,0.4444444444444444,0.6666666666666666,0.4166666666666667,1.0,0,0,-1,-1,-1,3,0,-1,1,0,-1,0.0,0.0,0.0,3.565877163216831,1
210,2,4,4,5,3,0,3,2,1,3,0.0,3,3,1,4,3,0.096,0.0,3,3,0,0,2,3,5,2092,0,5,1,1,0.0,0.0,0.2857142857142857,0.0,1,0,2,0,0,0,1,2,3,3,2,3,2,1,1,0,0,0,0,0,4,0,0,0,0,0,0,2,0,0,5,0,0,0,0,0,0,0,0,0,0,0,0,0,0,0,0,0,0,4,0,0,1.0,2,2,0,4,0,0,4,0,1,0,1,5,0,6,0.0,0,5.578095744680851,137.2142857142857,0.2142857142857143,0.3787878787878788,0.0,0.4444444444444444,0.0,0.5,0.0,0.5,0,1,-1,-1,-1,0,4,-1,2,1,-1,11.7,67.0,55.3,0.0,0
212,2,3,4,3,0,0,4,0,0,3,0.0,3,3,0,4,3,0.08,0.0,3,3,0,0,2,2,3,2254,1,5,0,0,0.0,0.0,0.2857142857142857,0.02479338842975207,3,2,0,3,0,3,0,2,0,2,1,7,2,1,0,0,1,0,0,1,1,0,1,3,2,0,2,2,1,1,3,4,0,0,0,1,0,2,0,0,0,0,0,0,0,0,0,0,0,0,1,4,0.0,1,0,1,4,0,0,3,0,1,0,0,5,0,6,0.007692307692307693,0,5.578095744680851,137.2142857142857,0.2142857142857143,1.0,0.5,0.0,0.0,0.5833333333333334,0.4166666666666667,0.8333333333333334,0,1,-1,-1,-1,1,0,-1,2,0,-1,0.0,59.7,59.7,0.0,0
213,3,4,4,5,0,0,3,0,0,4,0.0,3,3,1,4,0,0.07,0.0,3,3,1,0,2,1,3,2272,0,5,0,1,0.0,1.0,0.2857142857142857,0.02479338842975207,3,2,0,0,2,0,4,0,2,2,1,10,0,0,0,0,0,0,1,2,0,0,1,3,0,0,2,0,1,3,4,3,0,0,1,0,1,0,0,0,0,0,0,0,0,0,0,1,0,0,0,0,0.0,1,0,0,4,0,0,4,0,1,0,1,2,2,4,0.007692307692307693,0,5.578095744680851,137.2142857142857,0.2142857142857143,0.3787878787878788,0.3333333333333333,0.4444444444444444,0.4444444444444444,0.5,0.3333333333333333,0.0,0,0,-1,-1,-1,3,1,-1,1,4,-1,0.0,0.0,0.0,10.0,2
214,2,3,5,1,0,0,2,3,2,0,0.0,4,2,2,4,1,0.01,0.0,3,1,1,0,1,1,3,2241,0,5,0,0,0.0,0.0,0.2857142857142857,0.02479338842975207,1,2,0,0,0,0,2,0,4,3,1,2,0,1,1,1,0,0,1,1,0,0,0,1,0,0,0,1,0,1,4,3,0,0,1,1,0,0,0,0,0,0,0,0,0,0,0,0,0,0,0,0,0.0,0,2,1,2,0,3,3,0,1,2,0,5,0,6,0.007692307692307693,0,5.578095744680851,137.2142857142857,0.2142857142857143,0.3787878787878788,0.5,0.4444444444444444,0.0,0.3333333333333333,0.4166666666666667,1.0,0,1,-1,-1,-1,3,1,-1,2,0,-1,0.0,85.3,85.3,3.465028842891076,1
215,3,4,6,0,0,0,3,0,0,4,0.0,3,4,3,4,3,0.19,0.0,3,3,1,0,1,2,3,2065,1,5,0,0,0.0,0.0,0.2857142857142857,0.02479338842975207,3,2,3,0,0,0,3,0,2,4,0,2,0,3,0,0,0,2,2,2,0,0,0,1,0,0,1,3,1,1,4,2,0,0,1,1,1,0,0,0,0,0,0,0,0,0,0,1,0,0,0,0,0.0,0,2,0,4,0,0,4,0,1,2,1,4,0,6,0.007692307692307693,0,5.578095744680851,137.2142857142857,0.2142857142857143,1.0,0.0,0.5555555555555556,0.0,0.0,0.0,0.6666666666666666,0,0,-1,-1,-1,2,1,-1,0,0,-1,0.0,18.0,18.0,0.0,0
218,4,4,4,1,3,0,2,3,1,4,0.0,5,1,0,4,3,0.03,0.0,3,3,1,0,2,1,3,1893,1,5,0,1,0.0,0.0,0.2857142857142857,0.02479338842975207,3,3,0,0,0,0,2,1,2,4,0,2,0,3,0,2,0,4,2,1,0,0,0,0,0,0,0,1,1,3,2,3,0,0,1,1,1,3,1,3,1,1,1,1,0,0,1,1,0,0,0,1,0.0,0,0,1,4,0,0,4,0,1,1,2,4,0,6,0.007692307692307693,3,5.578095744680851,137.2142857142857,0.2142857142857143,0.3787878787878788,0.5,0.6666666666666666,0.0,0.0,0.5,1.0,2,4,-1,-1,-1,0,1,-1,1,4,-1,0.0,1.0,1.0,0.0,0
219,0,4,5,6,3,0,2,3,1,4,0.0,6,4,3,4,3,0.24,0.0,3,3,1,0,2,3,3,1955,1,5,0,0,1.0,0.0,0.0,0.02479338842975207,0,2,0,2,0,2,2,1,3,2,0,7,0,1,0,0,0,0,0,1,3,1,1,0,0,0,1,2,1,2,3,1,0,0,1,2,1,1,0,0,0,0,0,0,0,0,0,0,0,0,1,0,0.0,0,0,0,4,0,0,4,0,1,2,0,5,0,6,0.0,2,5.578095744680851,137.2142857142857,0.2142857142857143,0.3787878787878788,0.0,0.0,0.0,0.5,0.0,0.6666666666666666,2,3,-1,-1,-1,2,2,-1,2,2,-1,11.7,90.0,78.3,0.0,0
220,3,4,4,5,1,0,4,0,0,4,0.0,5,2,1,4,3,0.13,0.0,3,3,0,0,1,2,3,2314,1,5,0,1,0.0,1.0,1.0,0.02479338842975207,2,3,0,0,0,0,0,0,2,5,0,0,3,3,1,3,0,0,0,1,2,0,0,0,0,2,0,2,0,3,1,2,0,0,1,2,0,3,0,0,0,0,0,0,0,0,0,1,0,0,0,1,0.0,1,0,0,4,0,0,4,0,1,1,0,4,1,2,0.007692307692307693,0,5.578095744680851,137.2142857142857,1.0,0.3787878787878788,0.5,0.6666666666666666,0.5555555555555556,0.0,0.5,0.6666666666666666,2,3,-1,-1,-1,0,3,-1,2,4,-1,4.0,130.0,126.0,0.0,0
221,3,4,6,0,3,0,3,2,0,4,0.0,3,1,2,2,3,0.56,0.0,3,3,0,2,2,2,2,2254,0,5,0,0,0.0,0.0,0.2857142857142857,0.02479338842975207,0,3,2,0,0,0,0,1,2,5,1,0,2,3,0,2,0,0,0,1,0,1,0,0,0,0,0,1,0,3,1,3,0,0,1,2,1,3,1,3,3,0,2,1,0,1,0,1,0,0,0,2,0.0,0,2,0,3,1,1,4,0,1,2,0,5,0,6,0.0,2,5.578095744680851,137.2142857142857,1.0,0.3787878787878788,0.3333333333333333,0.4444444444444444,0.4444444444444444,0.5833333333333334,0.4166666666666667,0.6666666666666666,2,4,-1,-1,-1,0,1,-1,1,4,-1,3.425945945945946,66.23146067415729,62.37828282828283,4.070118764845606,1
223,3,4,5,3,3,0,3,1,1,3,0.0,2,3,2,4,3,0.19,0.0,3,3,1,0,2,2,2,2118,1,5,0,0,0.0,0.0,0.2857142857142857,0.0,1,3,2,0,0,0,1,0,1,6,0,0,3,4,0,0,0,0,2,0,0,2,0,0,0,0,1,3,3,1,1,3,0,0,0,0,0,0,0,0,0,0,0,0,0,0,0,0,0,0,1,1,1.0,0,2,0,4,0,0,0,0,1,2,1,5,0,6,0.0,2,5.578095744680851,137.2142857142857,1.0,0.3787878787878788,0.3333333333333333,0.5555555555555556,0.3333333333333333,0.4166666666666667,0.0,0.6666666666666666,2,4,-1,-1,-1,0,1,-1,0,0,-1,0.0,17.7,17.7,0.0,0
226,1,3,4,3,0,0,3,1,1,3,0.0,5,3,1,4,3,0.04,0.0,3,3,1,0,2,3,2,1950,0,5,0,1,0.0,0.0,0.0,0.02479338842975207,3,2,0,4,0,2,0,1,0,3,0,21,0,1,0,0,1,0,0,0,3,0,1,1,0,0,2,2,1,0,4,4,0,0,0,0,1,3,0,0,0,0,0,0,0,0,0,0,0,0,0,4,0.0,2,0,0,3,1,1,4,0,1,0,0,4,0,6,0.007692307692307693,0,5.578095744680851,137.2142857142857,0.2142857142857143,0.3787878787878788,0.5,0.4444444444444444,0.0,0.5,0.0,1.0,3,1,-1,-1,-1,1,2,-1,2,1,-1,4.0,80.3,76.3,0.0,0
227,0,0,5,3,3,1,4,3,2,4,0.0,6,4,1,0,1,0.1,0.0,3,3,2,0,2,1,5,1945,1,5,0,0,0.0,0.3333333333333333,0.2857142857142857,0.02479338842975207,3,2,0,0,0,5,0,2,1,1,0,23,2,0,0,0,0,0,0,1,3,0,1,3,0,0,1,2,0,1,4,4,0,0,0,0,0,3,0,0,0,0,0,0,0,0,0,0,0,1,1,3,0.0,2,2,0,3,1,0,4,0,1,0,1,5,0,0,0.007692307692307693,1,5.578095744680851,137.2142857142857,0.2142857142857143,0.3787878787878788,0.0,0.0,0.0,0.0,0.0,0.0,3,1,0,2,-1,0,2,0,2,0,2,2.7,98.7,96.0,0.0,0
228,1,4,4,5,3,2,3,0,0,0,0.0,1,4,0,1,1,0.025,0.0,3,3,2,1,2,2,0,2017,1,5,1,0,0.0,0.0,0.2857142857142857,0.02479338842975207,3,2,0,5,0,2,0,0,1,0,1,23,2,0,0,0,0,0,0,0,3,2,1,0,0,0,2,3,0,1,4,4,0,0,0,0,1,0,0,0,0,0,0,0,0,0,0,0,0,0,1,3,0.0,2,2,1,4,0,0,4,0,1,0,1,5,0,6,0.007692307692307693,1,5.578095744680851,137.2142857142857,0.2142857142857143,0.3787878787878788,0.3333333333333333,0.0,0.0,0.3333333333333333,0.3333333333333333,0.0,3,0,0,2,-1,1,2,0,0,0,2,5.0,29.0,24.0,0.0,0
229,3,4,6,0,0,0,4,2,1,3,0.0,2,2,2,4,3,0.14,0.0,3,3,1,0,2,1,5,2236,0,5,0,1,0.0,0.0,0.0,0.02479338842975207,3,2,0,3,2,2,2,2,2,2,1,93,1,1,1,0,0,0,0,0,2,2,1,0,0,0,1,2,1,1,3,3,0,0,0,0,1,2,0,0,0,0,0,0,0,0,0,0,0,0,1,0,0.0,1,0,0,4,0,0,4,0,1,0,0,4,0,6,0.007692307692307693,0,5.578095744680851,137.2142857142857,0.2142857142857143,0.3787878787878788,0.0,0.4444444444444444,0.3333333333333333,0.0,0.0,0.6666666666666666,3,1,-1,-1,-1,1,3,-1,2,0,-1,12.2,80.7,68.5,0.0,0
230,4,4,6,0,0,0,4,3,2,2,0.0,2,1,2,4,1,0.54,0.0,3,3,0,0,2,3,2,2272,0,5,0,1,0.0,0.3333333333333333,0.2857142857142857,0.02479338842975207,1,2,0,3,2,2,2,2,1,2,1,23,0,1,1,0,1,0,0,1,3,2,0,0,1,0,2,0,0,0,5,0,0,0,0,0,0,0,0,0,0,0,0,0,0,0,0,0,0,1,1,2,1.0,1,0,0,3,1,2,4,0,1,0,3,5,0,6,0.007692307692307693,0,5.578095744680851,137.2142857142857,0.2142857142857143,0.3787878787878788,0.3333333333333333,0.4444444444444444,0.4444444444444444,0.6666666666666666,0.3333333333333333,0.5,3,1,-1,-1,-1,1,2,-1,2,1,-1,9.0,73.8,64.8,0.0,0
231,2,4,6,0,0,0,4,0,1,4,0.0,2,2,3,4,3,0.37,0.0,3,3,1,0,2,2,3,1971,0,5,0,0,0.0,0.0,0.2857142857142857,1.0,3,2,0,2,0,2,0,2,0,3,1,21,0,2,0,0,0,0,0,0,1,2,1,0,0,0,1,2,1,1,3,4,0,0,0,0,0,4,0,0,0,0,0,0,0,0,0,0,0,4,0,0,1.0,2,0,0,4,0,0,4,0,1,0,1,4,0,6,0.0,0,5.578095744680851,137.2142857142857,0.2142857142857143,1.0,0.0,0.0,0.0,0.75,0.0,1.0,3,0,-1,-1,-1,2,0,-1,2,0,-1,4.0,80.0,76.0,0.0,0
232,0,3,6,1,0,0,4,0,1,4,0.0,6,0,4,4,3,2146.0,0.0,3,3,1,0,1,2,3,2146,1,5,1,0,0.0,0.3333333333333333,0.2857142857142857,0.02479338842975207,3,2,3,0,0,0,4,0,2,2,0,10,0,1,1,0,0,3,2,3,0,0,0,1,0,0,1,1,2,2,3,4,0,0,1,1,1,1,0,0,0,0,0,0,0,1,0,1,0,0,1,0,0.0,0,1,1,4,0,0,0,0,1,1,2,5,0,6,0.007692307692307693,2,5.578095744680851,137.2142857142857,0.2142857142857143,0.3787878787878788,0.3333333333333333,0.5555555555555556,0.3333333333333333,0.6666666666666666,0.0,0.0,3,0,-1,-1,-1,1,1,-1,1,2,-1,0.0,0.0,0.0,0.0,0
233,3,4,5,0,0,0,2,3,2,4,0.0,5,2,2,4,0,0.25,0.0,3,3,1,1,2,2,5,2141,0,5,0,2,0.0,0.0,0.2857142857142857,0.0,3,2,3,2,0,4,1,3,2,1,2,23,0,1,1,1,1,0,0,1,3,2,1,0,0,0,2,3,1,1,3,4,0,0,0,0,0,4,1,1,0,0,0,0,0,0,0,0,0,1,1,4,0.0,2,2,0,1,1,1,1,0,1,0,1,5,0,0,0.007692307692307693,1,5.578095744680851,137.2142857142857,0.0,0.3787878787878788,0.0,0.0,0.0,0.0,0.0,1.0,3,0,0,2,-1,1,2,0,0,0,2,3.425945945945946,66.23146067415729,32.7,10.0,2
236,2,4,5,0,2,1,3,1,1,1,0.0,3,4,2,1,1,0.212,0.0,3,3,2,0,2,3,5,2039,1,5,0,0,0.0,0.3333333333333333,0.2857142857142857,0.02479338842975207,3,1,0,1,0,3,0,2,4,1,2,7,0,0,0,0,0,0,0,0,4,0,0,0,0,0,2,2,0,0,5,0,0,0,0,0,0,0,0,0,0,0,0,0,0,0,0,0,0,3,0,0,1.0,2,2,1,4,0,0,4,0,1,0,1,5,0,6,0.0,1,5.578095744680851,137.2142857142857,0.2142857142857143,0.3787878787878788,0.3333333333333333,0.0,0.0,0.0,0.0,0.0,1,2,0,3,-1,2,4,0,2,1,2,8.3,79.3,71.0,0.0,0
237,2,4,5,1,0,0,4,4,2,3,0.0,5,3,1,3,3,0.12,0.0,3,3,0,0,2,2,5,2092,0,5,1,0,0.0,0.0,0.0,0.02479338842975207,1,0,2,0,0,2,0,2,3,2,1,1,2,0,0,0,0,0,0,1,2,0,0,0,0,0,0,2,0,0,5,0,0,0,0,0,0,0,0,0,0,0,0,0,0,0,0,0,0,3,0,0,0.0,2,0,0,3,1,1,4,0,1,0,1,5,0,6,0.007692307692307693,0,5.578095744680851,137.2142857142857,0.2142857142857143,0.3787878787878788,0.5,0.4444444444444444,0.0,0.0,0.0,1.0,4,8,-1,-1,-1,3,0,-1,2,1,-1,6.2,35.3,29.1,0.0,0
238,0,4,5,2,1,0,3,4,2,5,0.0,6,2,2,0,1,0.03,0.0,3,3,0,0,2,2,5,2026,1,5,0,0,0.0,0.0,0.0,0.02479338842975207,1,1,3,1,0,2,0,2,0,5,0,1,3,0,2,0,0,0,0,1,3,0,0,2,1,1,2,2,2,1,4,0,0,0,0,0,0,0,0,0,4,1,0,0,0,0,0,0,0,0,1,2,0.0,1,2,0,4,0,0,4,0,1,0,1,5,0,6,0.007692307692307693,0,5.578095744680851,137.2142857142857,0.2142857142857143,1.0,0.3333333333333333,0.4444444444444444,0.3333333333333333,0.1666666666666667,0.0,0.0,1,2,0,3,-1,0,4,0,2,-1,-1,7.0,70.0,63.0,0.0,0
239,4,5,5,5,3,0,3,3,2,4,0.0,2,2,2,4,3,0.26,0.0,3,3,1,0,2,3,5,2314,0,0,0,2,0.0,1.0,0.2857142857142857,0.02479338842975207,3,0,0,0,0,1,0,2,2,2,1,0,3,0,0,0,0,0,0,0,3,0,0,0,0,0,0,2,0,1,4,0,0,0,0,2,0,4,0,0,0,0,0,0,0,0,0,0,0,4,0,0,0.0,2,2,0,4,0,0,4,0,1,0,1,5,0,6,0.007692307692307693,0,5.578095744680851,137.2142857142857,0.2142857142857143,0.3787878787878788,0.3333333333333333,0.4444444444444444,0.5555555555555556,0.5,0.0,1.0,1,5,-1,-1,-1,0,2,-1,2,0,-1,9.8,300.3,290.5,0.0,0
240,3,4,6,0,3,0,4,3,1,3,0.0,2,2,2,1,0,0.27,0.0,3,3,2,0,1,2,3,2140,1,5,0,0,0.0,0.0,0.2857142857142857,1.0,3,0,2,2,0,0,3,2,4,1,0,7,2,0,0,0,0,0,0,1,2,0,1,0,0,0,2,2,0,1,4,3,0,0,1,2,2,4,0,0,0,0,0,0,0,0,0,0,0,2,1,3,0.0,0,2,0,3,1,1,4,0,1,0,2,5,0,6,0.007692307692307693,2,5.578095744680851,137.2142857142857,0.2142857142857143,1.0,0.3333333333333333,0.5555555555555556,0.5555555555555556,0.8333333333333334,0.0,0.0,1,2,-1,-1,-1,2,1,-1,2,0,-1,0.0,66.23146067415729,62.37828282828283,10.0,2
241,3,4,3,5,0,0,1,3,2,3,0.0,5,2,2,1,1,0.25,0.0,3,3,1,2,2,3,5,2141,0,5,0,0,0.0,0.0,0.2857142857142857,0.02479338842975207,2,1,3,0,0,3,0,3,2,3,2,7,1,3,2,2,0,0,0,1,3,1,1,0,1,2,2,2,0,3,1,0,0,0,0,1,1,4,1,4,2,0,0,1,0,0,0,0,0,0,1,0,0.0,2,2,0,2,1,0,4,0,1,2,1,5,0,6,0.007692307692307693,0,5.578095744680851,137.2142857142857,0.0,0.3787878787878788,0.6666666666666666,0.0,0.0,0.75,0.0,1.0,1,2,2,5,-1,0,2,0,2,4,2,3.425945945945946,66.23146067415729,80.7,3.9491007804547,1
242,1,4,6,0,3,0,4,1,1,3,0.0,3,3,2,4,3,0.2,0.0,3,3,1,0,2,1,2,1971,1,5,0,0,0.0,0.3333333333333333,0.2857142857142857,0.0,2,1,2,0,0,0,1,0,2,0,0,0,3,3,2,1,0,0,0,0,2,0,0,0,0,0,1,2,1,0,3,2,0,0,0,1,0,0,0,0,0,0,0,0,0,0,0,0,0,0,0,1,0.0,2,2,0,4,0,0,4,0,1,2,1,5,0,6,0.0,0,5.578095744680851,137.2142857142857,0.2142857142857143,1.0,0.3333333333333333,0.0,0.0,0.4166666666666667,0.5,2.0,1,2,-1,-1,-1,0,0,-1,2,1,-1,5.5,45.0,39.5,0.0,0
248,1,1,4,5,0,0,3,2,1,2,0.0,3,5,1,4,3,0.13,0.0,3,3,1,0,2,3,5,1903,0,5,0,1,0.0,1.0,1.0,0.02479338842975207,2,0,2,0,0,1,0,3,4,1,2,5,0,0,0,0,0,0,0,1,2,0,0,0,0,0,0,2,1,0,5,0,0,0,0,0,0,0,0,0,0,0,0,0,0,0,0,0,0,4,0,0,1.0,2,2,0,4,0,0,4,0,1,0,5,5,0,6,0.007692307692307693,0,5.578095744680851,137.2142857142857,0.2142857142857143,0.3787878787878788,0.0,0.0,0.0,0.5,0.0,1.0,4,8,-1,-1,-1,0,0,-1,2,1,-1,7.7,97.7,90.0,0.0,0
249,3,4,5,5,3,0,4,0,0,3,0.0,4,4,1,4,3,0.22,0.0,3,3,0,0,2,3,5,2192,0,5,1,1,0.0,0.0,0.2857142857142857,0.02479338842975207,3,0,2,0,0,0,0,2,3,3,2,3,2,1,1,0,0,0,0,0,4,0,0,0,0,0,0,2,0,0,5,0,0,0,0,0,0,0,0,0,0,0,0,0,0,0,0,0,0,4,0,0,1.0,2,2,0,4,0,0,4,0,1,0,1,5,0,6,0.007692307692307693,0,5.578095744680851,137.2142857142857,0.2142857142857143,0.3787878787878788,0.0,0.3333333333333333,0.3333333333333333,0.0,0.0,0.0,4,8,-1,-1,-1,0,4,-1,2,1,-1,7.8,128.7,120.9,0.0,0
250,1,3,4,1,2,2,2,1,1,1,0.0,3,5,1,0,3,0.005,1.0,3,3,1,1,2,3,5,2039,0,5,0,0,0.0,0.3333333333333333,0.2857142857142857,0.02479338842975207,3,0,0,1,0,2,0,2,3,2,2,7,1,2,0,0,0,0,0,0,4,0,0,0,0,0,2,2,0,0,5,0,0,0,0,0,0,0,0,0,0,0,0,0,0,0,0,0,0,4,0,0,1.0,2,2,0,4,0,0,4,0,1,0,1,5,0,6,0.007692307692307693,1,5.578095744680851,137.2142857142857,0.2142857142857143,1.0,0.0,0.0,0.0,0.0,0.0,0.0,4,8,0,3,-1,0,4,0,2,1,2,4.3,91.3,87.0,0.0,0
251,0,3,4,5,3,0,2,0,0,3,0.0,6,4,0,4,3,0.03,0.0,3,3,2,2,2,1,5,2181,0,5,1,0,0.0,0.0,0.0,0.0,3,0,0,0,0,2,0,2,4,2,1,5,0,1,0,0,0,0,0,0,3,0,0,0,0,0,2,2,0,0,5,0,0,0,0,0,0,0,0,0,0,0,0,0,0,0,0,0,0,4,0,0,1.0,2,2,0,4,0,0,4,0,1,0,0,4,0,6,0.007692307692307693,0,5.578095744680851,137.2142857142857,0.2142857142857143,0.3787878787878788,0.3333333333333333,0.3333333333333333,0.3333333333333333,0.5,0.0,0.0,4,8,-1,-1,-1,0,2,-1,2,1,-1,9.3,136.0,126.7,0.0,0
252,3,4,3,3,0,0,3,3,2,4,0.0,5,4,1,3,3,0.12,0.0,3,3,1,0,2,3,5,2181,0,5,0,0,0.0,0.0,0.0,0.0,1,0,0,2,0,3,0,2,3,1,1,7,0,0,0,0,0,0,0,1,4,0,0,0,0,0,0,2,0,0,5,0,0,0,0,0,0,0,0,0,0,0,0,0,0,0,0,0,0,4,0,0,1.0,2,2,0,2,1,2,4,0,1,0,0,5,0,6,0.0,1,5.578095744680851,137.2142857142857,0.2142857142857143,0.3787878787878788,0.5,0.5555555555555556,0.0,0.4166666666666667,0.3333333333333333,0.0,4,8,-1,-1,-1,2,4,-1,2,1,-1,8.3,107.3,99.0,0.0,0
253,1,1,1,5,2,2,3,1,1,3,0.0,6,3,2,0,3,0.146,0.09183673469387756,0,0,0,1,2,3,5,2139,1,5,0,0,0.0,0.0,0.0,0.0,2,0,0,1,0,3,0,4,0,5,1,1,2,0,0,0,0,0,0,0,3,0,0,0,0,0,2,2,0,0,5,0,0,0,0,0,0,0,0,0,0,0,0,0,0,0,0,0,0,3,0,0,1.0,2,2,0,3,0,1,1,0,1,2,3,4,0,6,0.0,1,5.578095744680851,137.2142857142857,0.2142857142857143,0.3787878787878788,0.0,0.0,0.0,0.0,0.0,0.0,4,7,0,3,-1,2,4,0,2,-1,2,3.425945945945946,66.23146067415729,62.37828282828283,3.74,1
254,0,5,6,0,3,0,3,3,2,4,0.0,6,0,2,4,3,0.38,0.09183673469387756,3,3,0,1,2,3,5,2039,0,5,0,1,0.0,0.0,0.2857142857142857,0.0,1,0,2,0,0,2,1,3,3,1,0,1,2,0,0,0,0,0,0,1,3,0,0,0,0,0,2,2,0,0,5,0,0,0,0,0,0,0,0,0,0,0,0,0,0,0,0,0,0,4,0,0,1.0,2,2,0,4,0,0,4,0,1,0,1,5,0,0,0.0,0,5.578095744680851,137.2142857142857,0.0,0.3787878787878788,0.0,0.0,0.0,0.6666666666666666,0.0,0.6666666666666666,4,8,-1,-1,-1,3,2,-1,2,1,-1,0.0,270.7,270.7,0.0,0
255,0,4,6,0,3,1,4,3,2,4,0.0,6,3,1,1,1,0.061,0.09183673469387756,3,3,2,0,2,3,5,2038,1,5,1,0,0.0,0.3333333333333333,0.2857142857142857,0.02479338842975207,2,0,0,3,0,2,0,2,3,0,2,7,1,0,0,0,0,0,0,0,3,1,1,0,0,0,1,3,0,1,5,0,0,0,0,0,0,0,0,0,0,0,0,0,0,0,0,0,0,4,0,0,1.0,2,2,0,4,0,0,3,0,1,0,1,5,0,6,0.007692307692307693,1,5.578095744680851,137.2142857142857,0.2142857142857143,0.3787878787878788,0.0,0.0,0.0,0.0,0.0,0.0,4,7,0,2,-1,1,2,0,0,0,2,1.7,27.7,26.0,0.0,0
258,3,4,4,3,3,0,3,3,2,0,0.0,4,1,2,4,0,0.22,0.09183673469387756,3,3,1,0,2,3,3,2272,1,5,0,0,0.0,0.0,0.2857142857142857,1.0,3,3,2,0,0,0,0,2,0,5,0,0,3,3,0,1,1,1,1,0,0,1,1,1,0,0,0,1,0,3,2,0,1,0,1,2,1,4,1,4,1,0,2,1,0,1,2,0,0,0,1,0,0.0,0,0,1,3,1,3,4,0,1,2,2,2,1,4,0.0,2,5.578095744680851,137.2142857142857,0.2142857142857143,0.3787878787878788,0.3333333333333333,0.4444444444444444,0.0,0.0,0.4166666666666667,0.5,5,9,-1,-1,-1,0,1,-1,1,4,-1,0.0,0.0,0.0,10.0,2
261,2,4,6,3,2,1,3,3,2,3,0.0,3,4,4,1,1,0.28,0.09183673469387756,3,3,1,0,1,3,3,1974,0,5,0,0,0.0,0.3333333333333333,0.2857142857142857,0.02479338842975207,0,2,0,3,0,0,4,0,0,0,1,22,3,0,0,0,0,0,0,2,1,1,1,3,0,0,2,3,2,2,3,3,0,0,2,1,1,0,0,0,0,0,0,0,0,0,0,1,0,0,1,3,0.0,1,2,1,4,0,0,2,5,1,0,0,5,0,6,0.0,0,5.578095744680851,137.2142857142857,0.2142857142857143,0.3787878787878788,0.5,0.0,0.0,0.0,0.0,0.0,0,0,2,3,-1,2,0,0,0,2,2,0.3,23.7,23.4,0.0,0
263,2,3,5,5,3,1,2,3,1,4,0.0,6,3,5,2,1,0.1837,0.09183673469387756,3,3,1,2,2,3,3,1865,1,5,0,0,0.0,0.3333333333333333,0.2857142857142857,0.0,2,3,2,1,1,0,2,0,2,4,2,15,1,3,2,3,0,0,0,2,1,1,1,2,0,0,2,2,2,3,1,3,0,0,1,1,1,2,1,3,4,4,0,1,0,0,1,0,0,0,0,2,0.0,0,2,0,2,1,0,4,5,1,0,3,5,0,0,0.0,3,5.578095744680851,137.2142857142857,0.2142857142857143,0.3787878787878788,0.3333333333333333,0.4444444444444444,0.0,0.3333333333333333,0.0,0.6666666666666666,2,3,2,1,-1,3,0,0,2,3,2,0.0,64.0,64.0,3.82,1
265,4,4,4,3,3,1,2,1,0,1,0.0,4,1,2,1,0,0.004,0.09183673469387756,3,3,1,1,1,2,3,2034,0,5,0,0,0.0,0.3333333333333333,0.2857142857142857,0.0,3,3,2,0,0,0,2,0,1,5,0,2,0,0,0,0,0,0,0,1,0,0,0,2,0,0,2,1,2,3,1,3,0,0,1,1,1,2,1,3,1,4,0,1,0,1,2,1,0,0,0,2,0.0,2,2,1,4,0,0,2,5,1,0,0,5,0,6,0.0,0,5.578095744680851,137.2142857142857,0.0,1.0,0.3333333333333333,0.3333333333333333,0.3333333333333333,0.0,0.0,0.3333333333333333,2,4,2,1,-1,0,1,0,1,3,2,0.0,15.0,15.0,10.0,2
267,0,3,4,6,3,2,2,0,1,4,0.0,6,5,5,2,1,0.38,0.09183673469387756,3,3,1,2,0,1,3,1904,1,5,0,0,0.0,0.3333333333333333,0.2857142857142857,0.02479338842975207,3,3,2,0,0,0,1,0,0,5,0,0,3,4,0,3,0,0,0,1,0,2,1,1,0,2,2,2,1,3,1,4,0,0,1,1,1,3,1,2,1,3,0,1,0,0,2,1,0,0,0,2,0.0,1,2,1,3,1,2,2,5,1,0,1,5,0,6,0.0,2,5.578095744680851,137.2142857142857,0.2142857142857143,1.0,0.3333333333333333,0.6666666666666666,0.6666666666666666,0.6666666666666666,0.0,0.0,2,3,2,1,-1,0,1,0,2,3,2,0.0,40.3,40.3,10.0,2
270,2,3,4,6,0,3,1,0,2,4,0.0,5,5,5,4,0,0.67,0.09183673469387756,3,3,2,0,1,3,1,1706,1,5,0,0,0.0,0.3333333333333333,0.2857142857142857,0.0,3,2,3,0,1,0,3,0,2,3,0,2,0,2,2,2,1,0,0,0,0,0,0,0,0,0,0,1,4,1,0,4,0,0,1,1,0,4,0,0,0,0,0,0,0,0,0,1,0,1,0,2,1.0,2,2,0,2,1,1,4,0,1,0,1,4,0,6,0.0,0,7.2,137.2142857142857,1.0,0.3787878787878788,0.0,0.0,0.0,0.0,0.0,0.0,0,0,1,3,-1,0,1,0,1,2,2,0.0,16.7,16.7,10.0,2
273,0,4,5,1,3,1,3,2,2,2,0.0,6,3,5,1,1,0.469,0.09183673469387756,3,3,2,0,1,2,4,2083,1,5,0,0,0.0,0.3333333333333333,0.2857142857142857,0.02479338842975207,3,2,0,0,0,0,5,0,1,0,0,2,2,0,0,0,0,0,0,4,0,0,1,3,0,0,2,2,2,3,1,4,0,0,0,0,0,2,0,0,0,0,0,0,0,0,0,0,0,0,0,3,0.0,2,2,1,4,0,0,4,0,1,0,1,5,0,6,0.007692307692307693,0,5.578095744680851,137.2142857142857,0.2142857142857143,0.3787878787878788,0.3333333333333333,0.0,0.0,0.0,0.0,0.0,0,1,2,0,-1,0,1,0,2,3,2,0.0,63.3,63.3,0.0,0
274,1,4,5,1,3,2,3,4,2,4,0.0,5,3,5,3,3,0.3122,0.09183673469387756,3,3,1,1,1,2,3,1846,0,5,0,0,0.0,0.3333333333333333,0.2857142857142857,0.02479338842975207,3,3,1,0,0,0,0,0,4,4,0,2,3,3,0,2,0,0,0,2,3,0,0,0,0,3,2,2,2,3,1,2,0,0,2,2,1,3,1,3,3,3,2,1,0,1,2,1,0,0,0,1,0.0,0,2,1,4,0,0,2,5,1,0,0,5,0,2,0.0,2,5.578095744680851,137.2142857142857,0.2142857142857143,1.0,0.3333333333333333,0.0,0.0,0.6666666666666666,0.0,0.6666666666666666,2,3,2,3,-1,0,2,0,2,3,2,5.3,100.7,95.4,3.85,1
275,0,4,4,2,2,0,2,3,2,4,0.0,5,5,5,1,1,0.49,0.09183673469387756,3,3,1,0,2,1,3,1846,1,5,0,0,0.0,0.3333333333333333,0.2857142857142857,0.02479338842975207,2,3,2,0,0,1,3,0,1,5,1,22,2,2,2,2,0,0,0,3,0,1,1,1,1,1,2,2,1,2,1,1,0,0,1,1,2,3,1,4,2,2,2,1,0,0,0,1,1,0,1,2,0.0,1,2,0,4,0,0,2,5,1,0,1,5,0,6,0.0,1,5.578095744680851,137.2142857142857,0.2142857142857143,0.3787878787878788,0.0,0.0,0.0,0.0,0.0,0.0,2,3,2,1,-1,0,1,1,0,2,2,0.0,61.7,61.7,0.0,0
276,4,4,4,3,2,0,0,4,1,4,0.0,6,0,4,2,1,0.05,0.09183673469387756,3,3,1,0,1,1,3,2041,1,5,0,0,0.0,0.3333333333333333,0.2857142857142857,0.0,2,2,3,1,0,0,3,0,4,3,2,6,3,3,3,2,0,0,0,2,2,2,1,3,0,2,2,2,2,3,1,3,0,0,0,1,2,2,1,3,2,4,1,1,0,0,0,1,0,0,1,0,0.0,1,2,0,3,1,0,3,0,1,1,1,5,0,6,0.007692307692307693,2,5.578095744680851,137.2142857142857,0.2142857142857143,0.3787878787878788,0.0,0.0,0.0,0.0,0.0,0.0,2,3,2,0,-1,0,3,0,2,3,2,5.0,76.0,71.0,0.0,0
284,2,4,5,3,2,1,3,3,2,3,0.0,6,4,4,1,3,0.156,0.09183673469387756,3,3,1,0,2,2,1,1947,1,5,0,0,0.0,0.3333333333333333,0.2857142857142857,0.02479338842975207,1,2,2,5,0,2,0,0,0,0,0,23,3,0,0,0,0,0,0,0,3,1,1,1,0,0,2,3,1,1,4,4,0,0,0,0,0,4,0,0,0,0,0,0,0,0,0,0,0,3,0,0,0.0,2,2,1,4,0,0,4,5,1,0,1,5,0,0,0.007692307692307693,0,5.578095744680851,137.2142857142857,0.2142857142857143,0.3787878787878788,0.3333333333333333,0.0,0.0,0.0,0.0,0.0,3,0,0,2,-1,1,2,0,0,0,2,3.7,29.3,25.6,0.0,0
285,3,4,3,0,3,1,3,3,2,3,0.0,2,4,5,3,1,0.603,0.09183673469387756,3,3,1,0,2,2,5,2077,1,5,0,0,0.0,0.3333333333333333,0.2857142857142857,0.02479338842975207,3,3,0,1,1,0,2,0,1,4,0,14,3,3,0,3,0,0,0,1,0,0,0,0,0,2,2,1,2,3,0,4,0,0,1,1,1,3,1,1,0,0,0,1,0,0,0,0,0,1,1,2,0.0,0,2,1,3,1,1,4,0,1,0,3,4,0,6,0.007692307692307693,3,5.578095744680851,137.2142857142857,0.2142857142857143,0.3787878787878788,0.3333333333333333,0.0,0.0,0.0,0.0,1.0,2,4,2,1,-1,0,1,0,1,3,2,3.425945945945946,66.23146067415729,62.37828282828283,0.0,0
286,4,4,5,5,3,2,3,0,0,2,0.0,3,0,2,1,0,0.005,0.09183673469387756,3,3,1,1,2,2,2,2024,1,5,0,0,0.0,0.3333333333333333,0.2857142857142857,0.02479338842975207,2,2,2,0,4,0,2,0,1,1,1,170,3,0,0,0,0,1,1,1,0,1,1,3,0,1,1,0,2,1,3,4,0,0,3,1,1,2,1,2,4,2,0,1,0,0,1,1,0,3,0,0,0.0,0,2,1,3,1,2,1,5,1,0,7,5,0,6,0.007692307692307693,2,5.578095744680851,137.2142857142857,0.2142857142857143,0.3787878787878788,0.3333333333333333,0.0,0.0,0.0,0.0,0.0,3,0,1,4,-1,1,1,0,1,0,2,0.0,0.0,0.0,10.0,2
288,3,4,5,5,1,0,2,4,2,4,0.0,6,5,5,0,3,0.38,0.09183673469387756,3,3,0,2,2,1,3,1833,1,5,0,0,0.0,0.3333333333333333,0.2857142857142857,0.02479338842975207,2,3,2,0,0,2,1,0,1,5,0,7,2,3,1,3,0,0,0,0,0,2,1,0,1,2,2,3,1,4,1,1,1,0,0,1,2,4,1,4,2,4,0,0,0,0,0,0,0,0,1,4,0.0,0,2,0,1,1,0,4,1,1,2,1,5,0,6,0.007692307692307693,3,5.578095744680851,137.2142857142857,0.2142857142857143,0.3787878787878788,0.6666666666666666,0.0,0.0,0.0,0.0,0.8333333333333334,2,3,2,1,-1,0,1,1,0,3,2,3.425945945945946,66.23146067415729,21.0,3.71,1
297,3,4,6,1,3,1,2,3,0,4,0.0,6,5,5,1,3,0.528,0.09183673469387756,3,3,1,1,2,3,4,1835,0,5,0,0,0.0,0.3333333333333333,0.2857142857142857,0.02479338842975207,3,1,2,3,0,3,0,0,2,2,1,7,0,1,0,1,0,0,0,1,3,1,1,2,0,1,2,2,2,2,3,3,0,0,2,1,1,3,0,0,0,0,0,0,0,0,0,1,0,0,0,3,0.0,0,2,1,4,0,0,3,5,1,0,0,5,0,6,0.007692307692307693,2,5.578095744680851,137.2142857142857,0.2142857142857143,0.3787878787878788,0.6666666666666666,0.0,0.3333333333333333,0.3333333333333333,0.3333333333333333,1.0,1,2,2,2,-1,2,2,0,2,2,2,2.0,103.7,101.7,3.14,1
298,3,4,4,6,0,0,1,3,2,4,0.0,4,1,4,4,0,0.17,0.09183673469387756,3,3,2,0,2,2,3,1911,0,5,0,0,0.0,0.0,0.2857142857142857,0.0,3,0,2,2,0,2,0,2,3,2,1,7,0,0,0,0,0,0,0,0,4,0,0,0,0,0,1,2,0,0,4,4,0,0,0,0,0,4,0,0,0,0,0,0,0,0,0,0,0,3,0,0,1.0,2,2,0,4,0,0,4,5,1,0,1,5,0,6,0.0,0,5.578095744680851,137.2142857142857,0.2142857142857143,0.3787878787878788,0.0,0.3333333333333333,0.0,0.4166666666666667,0.0,0.0,1,2,-1,-1,-1,2,4,-1,2,1,-1,10.3,61.3,51.0,10.0,2
299,0,4,6,0,3,1,3,4,2,4,0.0,6,4,5,0,1,0.907,0.09183673469387756,3,3,1,0,2,2,4,1669,0,5,0,0,0.0,0.3333333333333333,0.2857142857142857,0.02479338842975207,1,1,2,3,0,1,0,0,4,0,2,23,0,0,0,0,0,0,0,0,3,0,0,1,0,0,2,2,0,1,4,4,0,0,0,0,1,0,0,0,0,0,0,0,0,0,0,1,0,0,1,3,0.0,2,2,1,4,0,0,4,0,1,0,1,5,0,6,0.007692307692307693,1,5.578095744680851,137.2142857142857,0.2142857142857143,1.0,0.0,0.0,0.0,0.0,0.0,0.0,1,5,0,3,-1,1,2,0,2,2,2,5.3,232.0,226.7,0.0,0
307,0,4,5,3,1,0,3,4,2,5,0.0,6,2,5,0,1,0.03,0.09183673469387756,3,3,0,0,2,2,5,2026,1,5,0,0,0.0,0.3333333333333333,0.2857142857142857,0.02479338842975207,1,0,0,1,0,2,1,2,4,1,0,23,2,0,0,0,0,0,0,0,3,2,1,0,0,0,2,2,0,1,4,4,0,0,0,0,0,4,1,0,0,0,0,0,0,0,1,0,0,4,0,0,1.0,2,2,0,4,0,0,4,0,1,0,1,5,0,6,0.007692307692307693,1,5.578095744680851,137.2142857142857,0.2142857142857143,0.3787878787878788,0.0,0.4444444444444444,0.0,0.4166666666666667,0.0,0.0,4,7,0,3,-1,3,2,0,2,0,2,6.0,57.0,51.0,0.0,0
308,0,4,6,3,2,2,3,4,2,4,0.0,5,5,5,0,1,0.47,0.09183673469387756,3,3,0,0,2,2,5,2008,1,5,0,0,0.0,0.3333333333333333,0.2857142857142857,0.02479338842975207,3,1,0,0,0,3,0,1,4,1,1,23,2,0,0,0,0,0,0,0,4,2,0,0,0,0,2,2,0,2,2,4,0,0,0,0,0,4,1,0,0,0,0,0,0,0,1,0,0,1,1,3,0.0,2,2,0,4,0,0,4,0,1,0,1,5,0,6,0.007692307692307693,1,5.578095744680851,137.2142857142857,0.2142857142857143,0.3787878787878788,0.0,0.0,0.0,0.0,0.0,1.0,4,8,0,3,-1,0,4,0,2,2,2,8.0,64.0,56.0,0.0,0
310,1,5,6,1,3,1,3,0,2,4,0.0,4,4,5,0,2,0.28,0.09183673469387756,3,3,2,0,2,3,5,1824,1,5,0,0,0.0,0.3333333333333333,0.2857142857142857,0.02479338842975207,1,0,0,1,0,3,0,0,4,2,1,7,0,1,0,0,0,0,0,0,4,0,0,0,0,0,2,2,0,1,5,0,0,0,0,0,0,0,0,0,0,0,0,0,0,0,0,0,0,3,0,0,1.0,2,2,0,4,0,0,4,5,1,0,4,5,0,6,0.007692307692307693,0,5.578095744680851,137.2142857142857,0.2142857142857143,0.3787878787878788,0.0,0.0,0.0,0.0,0.0,0.0,4,8,0,3,-1,0,4,0,2,0,2,4.7,254.7,250.0,0.0,0
312,3,3,6,1,2,1,4,0,1,5,0.0,2,4,4,3,1,0.322,0.09183673469387756,3,3,0,0,1,2,3,1991,1,5,0,0,0.0,0.3333333333333333,0.2857142857142857,0.02479338842975207,3,3,1,1,1,0,2,0,0,5,0,14,0,3,1,3,0,0,0,2,1,1,0,0,0,0,1,2,2,3,1,3,0,0,1,1,1,2,1,2,3,4,1,1,0,0,1,1,0,0,1,1,0.0,0,2,0,4,0,0,4,0,1,0,1,5,0,6,0.007692307692307693,2,5.578095744680851,137.2142857142857,0.2142857142857143,0.3787878787878788,0.0,0.0,0.0,0.4166666666666667,0.0,0.0,2,3,0,1,-1,0,0,0,2,3,2,1.0,45.0,44.0,0.0,0
342,3,4,6,0,3,0,3,3,2,2,0.0,2,4,2,4,3,0.34,0.09183673469387756,3,3,1,0,1,0,3,2011,0,5,0,0,0.0,0.3333333333333333,0.2857142857142857,0.0,3,3,0,0,0,0,0,0,0,6,0,0,3,4,1,0,0,0,0,0,0,1,1,3,1,2,0,4,2,2,1,0,0,0,1,1,0,4,0,0,0,0,0,0,0,0,0,0,0,1,0,1,1.0,2,2,0,4,0,0,0,4,1,0,1,5,0,6,0.0,0,6.38,137.2142857142857,0.0,0.3787878787878788,0.0,0.0,0.0,0.0,0.0,0.0,2,4,1,1,-1,0,1,0,1,4,2,0.0,4.0,4.0,0.0,0
349,2,2,3,6,1,3,2,3,2,5,0.0,6,2,4,1,3,0.3008,0.09183673469387756,3,3,2,0,1,1,3,1936,1,5,0,0,0.0,0.3333333333333333,0.2857142857142857,0.0,2,3,2,1,0,0,2,0,2,5,0,3,3,3,0,1,0,0,0,1,0,0,1,1,1,1,2,3,2,2,3,0,0,0,1,1,2,3,1,4,3,0,0,1,0,1,2,1,1,0,0,0,0.0,0,2,0,0,1,1,4,0,1,0,1,5,0,6,0.007692307692307693,3,6.83,137.2142857142857,0.2142857142857143,0.3787878787878788,0.5,0.0,0.0,0.0,0.0,0.0,2,3,2,1,-1,0,1,0,0,2,2,3.425945945945946,66.23146067415729,26.7,0.0,0
352,1,3,4,6,2,0,2,3,2,4,0.0,1,1,2,0,1,0.07,0.09183673469387756,3,3,2,0,1,1,3,2188,1,5,0,0,0.0,0.3333333333333333,0.2857142857142857,0.02479338842975207,2,2,3,1,2,0,5,0,2,2,1,10,2,1,0,0,0,0,0,4,1,0,1,2,0,2,2,0,3,1,1,1,0,0,1,0,0,4,1,4,4,1,2,0,0,0,0,1,0,0,1,2,0.0,1,2,0,2,1,1,4,0,1,0,1,4,0,6,0.0,2,6.37,137.2142857142857,0.2142857142857143,0.3787878787878788,0.5,0.0,0.0,0.0,0.0,0.3333333333333333,0,1,1,0,-1,2,0,0,1,0,2,3.425945945945946,66.23146067415729,18.3,0.0,0
355,0,3,4,5,3,3,3,4,2,5,0.0,6,3,5,1,1,0.51,0.09183673469387756,3,3,1,0,1,2,3,1657,1,5,0,0,0.0,0.3333333333333333,0.2857142857142857,0.02479338842975207,2,2,0,0,0,0,4,0,2,3,0,2,2,2,0,0,0,0,0,4,1,0,0,3,0,0,0,2,1,2,3,4,0,0,1,1,1,0,0,0,0,0,0,0,0,0,0,1,1,0,1,1,0.0,2,2,0,4,0,0,4,0,1,0,1,5,0,6,0.007692307692307693,1,5.578095744680851,137.2142857142857,0.2142857142857143,0.3787878787878788,0.0,0.0,0.0,0.0,0.0,0.0,0,1,2,0,-1,0,0,0,2,2,2,1.0,33.0,32.0,0.0,0
364,0,3,6,0,0,0,2,1,1,3,0.0,6,5,4,3,3,0.26,0.09183673469387756,3,3,0,0,1,3,3,2003,0,5,0,0,0.0,0.3333333333333333,0.2857142857142857,0.0,0,2,0,1,1,0,5,0,1,0,0,50,3,0,0,0,0,0,0,4,0,2,1,1,2,0,1,0,3,1,1,4,0,0,1,1,0,4,0,0,0,0,0,0,0,0,0,1,0,0,1,3,0.0,0,2,0,4,0,0,4,0,1,0,2,5,0,6,0.0,2,6.41,353.0,0.0,0.3787878787878788,0.0,0.0,0.0,0.0,0.0,0.0,0,0,1,0,-1,0,1,0,1,2,2,0.0,8.3,8.3,0.0,0
367,0,4,5,1,0,0,2,2,1,1,0.0,6,5,0,4,3,0.01,0.09183673469387756,3,3,1,1,2,3,3,2194,1,5,0,0,0.0,0.3333333333333333,0.2857142857142857,0.0,3,2,0,1,1,1,4,1,1,1,0,2,2,0,0,0,0,0,0,4,3,1,1,2,1,1,2,2,3,2,1,4,0,0,1,1,1,3,0,0,0,0,0,0,0,0,0,1,0,0,1,4,0.0,1,2,0,4,0,0,4,0,1,0,0,5,0,6,0.0,0,5.02,230.0,0.0,1.0,0.0,0.0,0.0,0.0,0.0,0.0,0,1,0,0,-1,0,2,0,2,0,2,2.3,67.3,65.0,0.0,0
375,3,3,5,3,2,0,4,1,2,4,0.0,5,5,5,1,1,0.08,0.09183673469387756,3,3,1,0,1,2,2,1757,1,5,0,0,0.0,0.3333333333333333,0.2857142857142857,0.02479338842975207,2,2,0,0,0,0,4,0,2,3,1,2,2,2,2,0,1,0,0,4,0,0,1,3,0,0,2,1,1,1,4,4,0,0,0,0,0,0,0,0,0,0,0,0,0,0,0,1,1,0,1,2,1.0,2,2,0,4,0,0,4,0,1,0,1,5,0,6,0.007692307692307693,1,5.578095744680851,137.2142857142857,0.2142857142857143,0.3787878787878788,0.0,0.0,0.0,0.0,0.0,0.0,0,0,2,0,-1,0,1,0,1,2,2,0.0,21.0,21.0,0.0,0
376,0,4,6,3,2,1,3,3,2,3,0.0,6,5,5,0,1,0.0202,0.09183673469387756,3,3,2,0,2,0,3,1883,1,5,0,0,0.0,0.3333333333333333,0.2857142857142857,0.02479338842975207,3,2,0,2,2,0,3,0,2,0,1,15,1,0,0,0,0,0,0,3,1,0,1,2,1,0,2,1,3,1,2,4,0,0,2,1,1,0,0,0,0,0,0,0,0,0,0,0,0,0,1,3,0.0,2,2,1,4,0,0,4,0,1,0,1,5,0,6,0.0,1,5.578095744680851,137.2142857142857,0.2142857142857143,0.3787878787878788,0.0,0.0,0.0,0.0,0.0,0.0,0,0,2,0,-1,2,0,0,1,0,2,0.0,17.0,17.0,0.0,0
384,0,4,6,3,0,0,3,3,2,3,0.0,6,3,4,4,3,0.86,0.09183673469387756,3,3,2,0,2,2,3,1911,0,5,0,0,0.0,0.3333333333333333,0.2857142857142857,0.0,3,2,0,4,2,2,2,1,1,1,2,127,2,0,0,0,0,0,0,2,2,2,1,1,1,0,2,1,2,0,3,0,0,0,0,0,0,4,0,0,0,0,0,0,0,0,0,0,0,4,0,0,1.0,2,2,0,4,0,0,4,0,1,0,1,5,0,6,0.0,1,5.49,230.0,0.0,0.3787878787878788,0.0,0.0,0.0,0.0,0.0,0.0,3,0,0,2,-1,1,3,0,1,0,2,0.0,12.7,12.7,0.0,0
388,0,3,5,3,0,0,2,0,1,0,0.0,6,0,5,4,3,0.1,0.09183673469387756,3,3,2,0,1,3,3,2217,0,5,0,0,0.0,0.3333333333333333,0.2857142857142857,0.0,1,2,0,3,2,2,3,1,1,1,2,62,2,0,0,0,0,0,0,2,3,2,1,1,1,0,2,2,3,1,1,4,0,0,0,0,0,4,0,0,0,0,0,0,0,0,0,0,0,4,0,0,1.0,2,2,0,3,0,1,4,0,1,0,0,5,0,6,0.0,0,6.43,780.0,0.0,0.3787878787878788,0.3333333333333333,0.4444444444444444,0.0,0.0,0.0,0.0,3,0,1,2,-1,2,2,0,2,0,0,1.7,41.3,39.59999999999999,3.14231421784866,1
394,3,4,6,2,1,1,3,2,2,4,0.0,5,4,4,2,1,0.3181,0.09183673469387756,3,3,1,0,1,1,3,1853,1,5,0,0,0.0,0.3333333333333333,0.2857142857142857,0.0,3,1,0,1,1,0,3,0,4,2,0,10,1,1,3,1,0,0,0,0,3,0,0,0,0,0,2,2,1,3,1,3,0,0,0,1,1,1,1,2,4,4,0,1,0,0,0,0,0,1,0,1,0.0,2,2,0,3,1,2,1,0,1,0,1,5,0,6,0.0,0,5.578095744680851,137.2142857142857,0.2142857142857143,0.3787878787878788,0.5,0.0,0.0,0.0,0.0,0.3333333333333333,1,2,2,3,-1,0,2,0,2,3,2,6.0,78.0,72.0,0.0,0
404,1,4,6,0,3,0,3,4,2,4,0.0,6,5,3,4,3,0.4,0.09183673469387756,3,3,1,0,2,1,3,1916,0,4,0,0,1.0,0.3333333333333333,0.2857142857142857,0.0,1,3,0,1,0,1,0,1,1,5,0,1,3,3,1,3,0,0,0,1,0,0,0,1,1,1,1,0,2,3,1,2,0,0,1,1,1,4,1,2,1,1,0,1,1,1,0,0,0,4,0,0,1.0,2,2,0,4,0,0,4,1,1,0,0,5,0,6,0.0,1,5.578095744680851,245.0,1.0,0.3787878787878788,0.0,0.0,0.0,0.0,0.0,0.0,2,4,2,1,-1,0,1,0,1,4,2,0.0,2.0,2.0,0.0,0
405,0,4,5,6,2,1,2,3,1,4,0.0,4,5,2,2,2,0.1345,0.09183673469387756,3,3,0,0,2,2,3,2009,0,5,0,0,0.0,0.0,0.2857142857142857,0.02479338842975207,3,3,2,1,1,1,2,0,2,3,1,50,3,3,1,1,1,0,0,1,0,1,1,1,1,2,1,1,2,2,1,1,0,0,1,2,2,4,1,4,2,1,2,1,0,1,0,1,0,1,0,1,0.0,0,2,0,4,0,0,4,0,1,0,1,0,0,6,0.0,3,5.3,137.2142857142857,0.0,0.3787878787878788,0.0,0.0,0.0,0.0,0.0,0.0,2,4,1,1,-1,0,1,0,1,2,2,0.0,9.0,9.0,0.0,0
406,2,3,6,0,3,0,3,0,1,4,0.0,6,4,1,4,3,0.1,0.09183673469387756,3,3,1,0,1,3,3,2194,0,5,0,0,0.0,0.3333333333333333,0.2857142857142857,0.0,3,3,2,0,0,0,1,0,1,6,1,2,3,3,2,2,0,0,0,1,0,0,0,1,0,1,0,1,3,1,0,1,0,0,1,2,0,4,1,4,2,4,1,1,1,0,0,1,0,1,1,2,1.0,2,2,0,3,1,1,4,4,1,0,1,4,0,6,0.0,4,6.52,199.0,0.0,1.0,0.5,0.0,0.0,0.0,0.0,0.0,2,4,0,1,-1,0,1,0,1,0,2,0.3,6.7,6.4,0.0,0
407,2,4,6,0,3,0,3,0,2,0,0.0,3,5,0,4,3,0.01,0.09183673469387756,3,3,0,0,2,3,3,2224,1,5,0,0,0.0,0.3333333333333333,0.2857142857142857,0.0,3,3,0,0,0,0,0,0,1,6,0,0,3,4,1,0,1,0,0,1,0,0,0,0,0,0,0,2,3,1,1,1,0,0,1,1,1,1,0,2,2,3,1,0,0,0,0,0,0,0,0,0,0.3602941176470588,2,2,0,2,1,1,3,0,1,2,3,3,0,6,0.0,0,6.25,137.2142857142857,0.0,0.3787878787878788,0.0,0.0,0.0,0.0,0.0,0.0,2,3,2,1,-1,0,1,0,2,2,2,0.0,68.0,68.0,0.0,0
411,2,2,0,6,2,3,3,3,2,4,0.0,4,5,4,0,1,0.82,0.09183673469387756,3,3,3,0,2,1,5,2183,1,5,0,0,1.0,0.3333333333333333,0.2857142857142857,0.02479338842975207,1,0,2,1,0,2,0,3,2,2,0,5,1,0,0,0,0,0,0,0,4,0,0,0,0,0,0,2,0,0,5,0,0,0,0,0,0,0,0,0,0,0,0,0,0,0,0,0,0,4,0,0,0.3602941176470588,2,2,0,4,0,0,0,0,1,0,1,5,0,6,0.007692307692307693,1,5.57,137.2142857142857,0.2142857142857143,0.3787878787878788,0.0,0.0,0.0,0.0,0.0,0.0,1,5,0,3,-1,0,4,0,2,-1,2,3.425945945945946,66.23146067415729,94.0,5.31,1
412,2,4,5,1,2,1,3,2,1,4,0.0,5,5,5,1,1,0.17204,0.09183673469387756,3,3,1,1,2,0,5,1801,0,5,0,0,0.0,0.3333333333333333,0.2857142857142857,0.02479338842975207,1,1,0,2,0,2,0,1,3,2,1,7,3,1,3,0,0,0,0,0,4,0,0,0,0,0,2,2,0,0,5,0,0,0,0,0,0,0,0,0,0,0,0,0,0,0,0,0,0,4,0,0,0.3602941176470588,2,2,0,4,0,0,4,0,1,0,1,5,0,6,0.0,1,5.578095744680851,137.2142857142857,0.2142857142857143,0.3787878787878788,0.0,0.3333333333333333,0.0,0.0,0.0,0.0,1,5,0,3,-1,3,4,0,2,1,2,4.0,88.0,84.0,0.0,0
413,0,3,5,5,0,3,3,4,2,4,0.0,0,5,5,0,1,0.29,0.09183673469387756,3,3,1,0,1,3,5,1735,1,5,0,0,0.0,0.3333333333333333,0.2857142857142857,0.02479338842975207,1,1,3,0,0,0,2,0,4,3,0,2,2,0,0,0,0,0,0,0,3,1,1,0,0,0,1,1,1,1,5,0,0,0,0,0,0,0,0,0,0,0,0,0,0,0,0,0,0,1,1,0,0.3602941176470588,2,2,0,4,0,0,4,0,1,2,1,5,0,6,0.007692307692307693,1,5.578095744680851,137.2142857142857,0.2142857142857143,0.3787878787878788,0.0,0.0,0.0,0.0,0.0,0.0,1,5,0,3,-1,0,2,0,1,0,0,3.0,15.0,12.0,0.0,0
423,2,4,6,0,3,0,3,3,2,4,0.0,3,5,4,4,3,0.47,0.09183673469387756,3,3,2,0,2,2,3,1890,0,5,0,0,0.0,0.3333333333333333,0.2857142857142857,0.0,1,1,0,1,0,1,0,1,4,3,0,85,3,2,0,0,0,0,0,0,4,1,1,0,0,0,0,3,3,1,1,2,0,0,1,3,2,4,1,3,1,3,1,1,0,1,1,0,0,0,0,4,0.3602941176470588,0,2,0,4,0,0,4,0,1,0,0,5,0,6,0.0,3,4.17,137.2142857142857,0.0,0.3787878787878788,0.0,0.0,0.0,0.0,0.0,0.0,1,2,1,1,-1,0,4,0,2,0,2,11.7,151.3,139.6,0.0,0
424,0,4,6,0,3,0,3,0,1,4,0.0,6,5,3,1,3,0.83,0.09183673469387756,3,3,2,0,2,3,3,2043,0,4,0,0,0.0,0.3333333333333333,0.2857142857142857,0.0,3,1,0,2,1,2,2,2,3,2,2,7,0,1,1,0,1,0,0,2,4,0,1,0,0,0,1,3,2,2,1,3,0,0,1,1,1,2,0,0,0,0,0,0,0,0,0,0,0,1,1,4,0.3602941176470588,2,2,0,4,0,0,4,0,1,0,0,5,0,6,0.0,1,4.41,137.2142857142857,0.0,0.3787878787878788,0.0,0.0,0.0,0.0,0.0,0.0,0,0,2,3,-1,3,4,0,0,2,2,7.3,23.3,16.0,0.0,0
425,0,4,5,5,2,2,3,4,2,4,0.0,3,4,4,2,3,0.111,0.09183673469387756,3,3,0,0,2,2,3,1864,1,5,0,0,0.0,0.0,0.2857142857142857,0.02479338842975207,1,1,2,1,0,0,0,0,2,5,1,2,2,3,1,0,0,0,0,1,3,2,1,0,0,0,0,3,2,1,2,0,0,0,1,0,0,4,0,0,0,0,0,0,0,0,0,0,0,3,0,0,0.3602941176470588,2,2,0,3,0,1,4,1,1,2,1,2,0,6,0.0,0,4.63,163.0,0.0,0.3787878787878788,0.5,0.5555555555555556,0.0,0.0,0.0,0.0,1,2,0,1,-1,0,2,0,0,0,2,3.425945945945946,66.23146067415729,26.0,0.0,0
426,1,4,6,3,2,1,2,3,2,4,0.0,5,2,4,1,1,0.006,0.09183673469387756,3,3,0,0,2,0,5,2146,1,5,0,0,0.0,0.3333333333333333,0.2857142857142857,0.02479338842975207,3,0,0,0,0,0,0,1,5,2,0,3,3,3,3,0,0,0,0,0,4,0,0,0,0,0,2,2,0,1,4,0,0,0,0,0,0,4,0,0,0,0,0,0,0,0,0,0,0,4,0,0,0.3602941176470588,2,2,0,4,0,0,4,0,1,0,1,5,0,6,0.007692307692307693,1,5.578095744680851,137.2142857142857,0.2142857142857143,0.3787878787878788,0.0,0.0,0.0,0.5,0.0,0.0,4,6,0,3,-1,0,4,0,2,0,2,5.0,66.23146067415729,62.37828282828283,0.0,0
427,0,0,2,6,2,1,3,4,2,4,0.0,6,3,4,0,3,0.378,0.09183673469387756,3,3,3,0,2,3,5,2175,0,5,0,0,0.0,0.3333333333333333,0.2857142857142857,0.0,2,0,2,1,0,2,0,3,0,2,2,5,2,1,0,0,0,0,0,0,4,0,1,0,1,0,0,2,0,0,5,0,0,0,0,0,0,0,0,0,0,0,0,0,0,0,0,0,0,4,0,0,0.3602941176470588,2,2,0,4,0,0,4,0,1,0,1,5,0,6,0.0,1,4.47,137.2142857142857,0.2142857142857143,0.3787878787878788,0.0,0.0,0.0,0.0,0.0,0.0,4,6,0,3,-1,2,4,0,2,-1,2,3.425945945945946,66.23146067415729,94.3,0.0,0
430,0,0,5,5,3,1,3,3,2,4,0.0,5,5,3,0,3,0.9,0.09183673469387756,3,0,0,0,2,1,5,2169,1,5,0,0,0.02758620689655172,0.0,0.2857142857142857,0.02479338842975207,2,0,0,1,0,2,0,2,5,2,1,1,2,1,0,0,0,4,0,0,4,0,1,0,0,0,0,2,0,0,5,0,0,0,0,0,0,0,0,0,0,0,0,0,0,0,0,0,0,3,0,0,0.3602941176470588,2,2,0,4,0,0,4,0,1,0,1,5,0,6,0.007692307692307693,1,5.578095744680851,137.2142857142857,0.2142857142857143,0.3787878787878788,0.0,0.0,0.0,0.0,0.0,0.0,4,6,0,3,-1,2,4,0,2,-1,2,3.425945945945946,66.23146067415729,88.0,0.0,0
442,0,4,6,0,3,0,3,3,2,5,0.0,6,4,4,4,3,0.76,0.09183673469387756,3,3,2,0,2,3,3,1973,0,5,0,0,0.02758620689655172,0.3333333333333333,0.2857142857142857,0.0,1,0,2,0,0,1,0,2,4,2,2,1,3,1,1,0,0,0,0,0,4,0,0,0,0,0,0,2,2,0,3,3,0,0,0,0,0,4,0,0,0,0,0,0,0,0,0,0,0,4,0,0,0.3602941176470588,2,2,0,4,0,0,4,0,1,0,1,5,0,6,0.0,1,3.7,210.0,0.0,0.3787878787878788,0.0,0.0,0.0,0.0,0.0,0.0,4,6,0,3,-1,0,4,0,2,1,2,17.7,127.0,109.3,0.0,0
443,0,4,6,0,3,0,3,4,2,5,0.0,6,4,2,3,3,0.36,0.09183673469387756,3,3,2,0,2,3,3,2166,0,5,0,0,0.02758620689655172,0.3333333333333333,0.2857142857142857,0.0,3,0,2,1,0,2,2,3,3,3,2,21,0,1,2,0,1,0,0,1,4,0,1,0,0,0,0,2,0,0,5,0,0,0,0,0,0,0,0,0,0,0,0,0,0,0,0,0,0,3,0,0,0.3602941176470588,2,2,0,4,0,0,4,0,1,0,1,5,0,6,0.0,1,4.03,137.2142857142857,0.0,0.3787878787878788,0.0,0.0,0.0,0.0,0.0,0.0,4,7,0,1,-1,0,4,0,2,1,2,3.425945945945946,66.23146067415729,53.3,0.0,0
444,0,5,6,0,3,0,3,3,2,4,0.0,6,5,2,1,3,0.47,0.09183673469387756,3,3,3,0,2,3,3,2079,0,5,0,0,0.02758620689655172,0.3333333333333333,0.2857142857142857,0.0,3,0,2,1,0,1,0,2,2,3,2,3,3,2,1,0,1,0,0,0,4,0,0,0,0,0,0,2,1,0,4,0,0,0,0,0,0,4,0,0,0,0,0,0,0,0,0,0,0,4,0,0,0.3602941176470588,2,2,0,4,0,0,4,0,1,0,1,5,0,6,0.0,1,5.578095744680851,137.2142857142857,0.2142857142857143,0.3787878787878788,0.0,0.0,0.0,0.0,0.0,0.0,4,6,0,1,-1,0,4,0,2,1,2,5.0,66.23146067415729,62.37828282828283,0.0,0
446,0,3,4,5,3,0,2,0,1,4,0.0,6,5,2,4,3,0.3,0.09183673469387756,0,1,2,1,2,3,3,2283,0,5,0,0,0.02758620689655172,0.3333333333333333,0.2857142857142857,0.0,3,0,0,1,0,1,0,2,3,3,2,1,2,1,3,1,0,0,0,0,4,0,1,0,0,0,0,2,1,0,4,0,0,0,0,0,0,0,0,0,4,0,0,0,0,0,0,0,0,4,0,0,0.3602941176470588,2,2,0,3,1,0,3,0,1,0,3,4,0,6,0.0,0,4.43,90.0,0.2142857142857143,0.3787878787878788,0.0,0.0,0.0,0.0,0.0,2.0,4,7,0,1,-1,0,4,0,2,0,2,3.425945945945946,66.23146067415729,86.3,0.0,0
448,3,3,6,1,3,3,3,3,2,4,0.0,4,4,5,2,1,0.252,0.09183673469387756,3,3,1,0,2,1,3,2147,1,5,0,0,0.02758620689655172,0.3333333333333333,0.2857142857142857,0.02479338842975207,3,3,0,0,0,0,2,0,1,5,1,2,3,3,0,2,0,0,0,1,0,1,0,0,0,1,2,3,1,3,1,3,0,0,1,1,1,3,1,4,2,4,0,1,0,0,1,1,0,0,1,2,0.3602941176470588,2,2,1,4,0,0,4,0,1,0,1,5,0,6,0.007692307692307693,0,5.578095744680851,137.2142857142857,0.2142857142857143,0.3787878787878788,0.3333333333333333,0.0,0.0,0.0,0.0,0.0,2,4,2,1,-1,0,1,0,0,3,2,0.0,32.7,32.7,0.0,0
449,2,4,5,2,3,2,3,1,1,4,0.0,2,3,5,0,1,0.25,0.09183673469387756,3,3,1,0,1,3,2,2232,1,5,0,0,0.02758620689655172,0.3333333333333333,0.2857142857142857,0.02479338842975207,2,1,3,0,0,0,1,0,3,4,0,10,2,3,3,1,0,0,0,1,3,1,1,0,0,0,2,2,1,2,2,3,0,0,0,0,0,4,1,2,3,4,1,0,0,0,0,0,0,1,1,1,0.3602941176470588,2,2,0,3,1,0,4,0,1,1,1,5,0,6,0.007692307692307693,1,5.578095744680851,137.2142857142857,0.2142857142857143,0.3787878787878788,0.0,0.0,0.0,0.0,0.0,0.0,1,2,0,3,-1,0,2,0,2,2,2,3.425945945945946,66.23146067415729,58.0,0.0,0
451,3,4,6,1,2,1,3,3,2,4,0.0,5,3,4,1,1,0.279,0.09183673469387756,3,3,0,0,2,2,1,2073,0,5,0,0,0.02758620689655172,0.3333333333333333,0.2857142857142857,0.02479338842975207,3,3,2,0,0,0,2,0,0,5,0,2,3,3,0,2,0,0,0,1,0,1,0,0,0,0,2,1,1,3,1,3,0,0,1,2,2,3,1,3,1,3,2,1,0,1,2,1,0,0,0,2,0.3602941176470588,0,2,1,3,1,1,4,5,1,0,0,5,0,6,0.007692307692307693,2,5.578095744680851,137.2142857142857,0.2142857142857143,1.0,0.6666666666666666,0.0,0.0,0.5,0.5,0.0,2,4,2,1,-1,0,1,0,1,3,2,0.0,0.0,0.0,0.0,0
452,3,4,5,3,2,2,2,3,2,3,0.0,5,0,5,1,1,0.016,0.09183673469387756,3,3,0,2,1,2,1,2062,1,5,0,0,0.02758620689655172,0.3333333333333333,0.2857142857142857,0.02479338842975207,3,3,0,0,0,0,2,0,2,5,0,2,2,3,2,3,0,1,0,2,0,1,0,4,0,0,2,2,1,3,0,3,0,0,0,1,1,2,1,2,2,3,0,0,0,0,1,1,0,0,1,2,0.3602941176470588,0,2,1,4,0,0,4,0,1,2,3,5,0,6,0.007692307692307693,2,5.578095744680851,137.2142857142857,0.0,1.0,0.3333333333333333,0.0,0.0,0.0,0.0,1.0,2,3,2,1,-1,0,1,0,2,3,2,0.0,118.0,118.0,4.37,1
456,3,4,5,3,3,0,2,1,1,4,0.0,0,1,1,3,0,0.03,0.09183673469387756,3,3,1,0,2,2,3,2082,1,5,0,3,0.02758620689655172,1.0,0.2857142857142857,0.0,3,3,2,0,0,0,0,0,1,1,1,0,1,2,0,1,0,0,1,0,0,1,0,0,0,0,0,1,1,3,3,1,0,0,1,1,1,4,1,3,2,2,1,1,0,0,0,1,0,0,1,0,0.3602941176470588,0,2,0,4,0,0,4,0,1,0,2,4,0,6,0.0,2,5.578095744680851,137.2142857142857,1.0,0.3787878787878788,0.6666666666666666,0.0,0.3333333333333333,0.5,0.5833333333333334,0.6666666666666666,2,4,-1,-1,-1,0,1,-1,1,0,-1,0.0,1.3,1.3,10.0,2
457,3,4,5,3,3,1,3,1,0,4,0.0,3,2,4,4,0,0.00085,0.09183673469387756,3,3,0,1,2,2,3,1970,1,5,0,0,0.02758620689655172,0.3333333333333333,0.2857142857142857,0.02479338842975207,3,3,2,0,3,0,0,0,2,4,0,40,3,3,0,1,0,0,0,0,0,0,1,3,0,1,2,1,2,3,2,1,0,0,2,2,2,0,0,0,0,0,0,0,0,0,0,1,0,0,0,1,0.3602941176470588,0,2,2,4,0,0,2,5,1,1,0,5,0,6,0.007692307692307693,2,5.578095744680851,137.2142857142857,0.2142857142857143,1.0,0.0,0.0,0.0,0.0,0.0,0.0,2,4,2,1,-1,2,1,0,1,3,2,0.0,8.3,8.3,10.0,2
458,3,4,5,3,3,1,2,3,2,4,0.0,3,4,4,2,1,0.086,0.09183673469387756,3,3,0,0,2,2,1,2207,0,5,0,0,0.02758620689655172,0.3333333333333333,0.2857142857142857,0.02479338842975207,1,2,2,6,0,0,0,1,1,0,0,20,2,0,0,0,0,0,0,0,3,0,0,3,0,0,2,1,1,2,4,4,0,0,0,1,1,2,0,0,0,0,0,0,0,0,0,1,0,0,0,3,0.3602941176470588,2,2,1,4,0,0,4,0,1,0,1,5,0,6,0.0,1,5.578095744680851,137.2142857142857,0.2142857142857143,0.3787878787878788,0.5,0.0,0.0,0.3333333333333333,0.0,0.0,3,0,0,2,-1,1,2,0,1,2,2,7.7,31.0,23.3,0.0,0
459,3,4,5,3,1,1,2,3,2,3,0.0,2,3,4,1,0,0.75,0.09183673469387756,3,3,0,2,0,2,3,2202,0,5,0,0,0.02758620689655172,0.3333333333333333,0.2857142857142857,0.02479338842975207,3,2,1,5,0,2,0,2,0,0,0,7,2,0,0,0,0,0,0,2,3,2,0,2,0,0,2,2,1,2,3,4,0,0,1,1,1,4,0,0,0,0,0,0,0,0,0,0,0,1,0,4,0.3602941176470588,2,2,1,4,0,0,3,1,1,0,0,5,0,6,0.0,0,5.578095744680851,137.2142857142857,0.2142857142857143,0.3787878787878788,0.5,0.0,0.3333333333333333,0.3333333333333333,0.0,1.0,3,1,2,2,-1,1,2,0,2,2,2,6.0,58.3,52.3,10.0,2
462,1,4,4,3,3,2,3,0,2,4,0.0,2,4,5,3,1,0.1,0.09183673469387756,3,3,1,0,0,3,3,2065,0,5,0,0,0.02758620689655172,0.3333333333333333,0.2857142857142857,0.02479338842975207,2,2,0,3,0,0,1,0,4,0,0,23,3,0,0,0,0,4,3,1,2,2,1,3,2,0,1,0,1,1,3,3,0,0,0,2,1,0,0,0,0,0,0,0,0,0,0,1,0,0,1,3,0.3602941176470588,1,2,2,3,1,2,2,0,1,0,1,5,0,6,0.007692307692307693,0,5.578095744680851,137.2142857142857,0.2142857142857143,0.3787878787878788,0.0,0.0,0.0,0.0,0.0,0.0,0,0,2,3,-1,2,3,0,1,0,-1,0.0,14.0,14.0,3.65,1
463,2,3,4,3,0,0,2,2,2,3,0.0,2,3,2,4,3,0.2,0.09183673469387756,3,3,1,0,2,3,5,2082,0,5,0,2,0.02758620689655172,0.0,0.2857142857142857,0.0,3,0,0,2,0,2,2,0,3,1,1,5,0,0,0,0,0,0,0,0,4,0,1,0,0,0,2,2,0,0,5,0,0,0,0,0,0,0,0,0,0,0,0,0,0,0,0,0,0,4,0,0,0.3602941176470588,2,2,0,3,0,2,4,0,1,0,1,5,0,6,0.0,0,5.578095744680851,137.2142857142857,0.2142857142857143,0.3787878787878788,0.5,0.6666666666666666,0.0,0.6666666666666666,0.4166666666666667,0.0,3,1,-1,-1,-1,2,4,-1,2,1,-1,9.3,66.23146067415729,62.37828282828283,0.0,0
465,0,3,5,3,3,1,2,3,2,3,0.0,6,3,2,1,0,0.634,0.09183673469387756,3,3,0,1,2,3,5,2032,0,5,0,0,0.02758620689655172,0.3333333333333333,0.2857142857142857,0.02479338842975207,3,2,0,3,0,4,0,0,2,0,0,7,2,0,0,0,0,0,0,0,4,2,1,0,0,0,2,2,0,0,5,0,0,0,0,0,0,0,0,0,0,0,0,0,0,0,0,0,0,4,0,0,0.3602941176470588,2,2,1,4,0,0,4,5,1,0,1,5,0,6,0.0,0,5.578095744680851,137.2142857142857,0.2142857142857143,0.3787878787878788,0.0,0.4444444444444444,0.0,0.6666666666666666,0.0,0.8333333333333334,3,1,0,2,-1,2,4,0,2,1,2,6.0,57.7,51.7,10.0,2
468,0,4,5,1,3,1,3,1,0,2,0.0,3,5,5,1,1,0.0356,0.09183673469387756,3,3,1,1,2,3,5,2180,0,5,0,0,0.02758620689655172,0.3333333333333333,0.2857142857142857,0.02479338842975207,3,1,2,0,0,3,0,1,4,0,2,7,0,0,0,0,0,0,0,1,3,0,0,0,0,1,2,2,0,1,4,4,0,0,0,0,0,4,0,0,0,0,0,0,0,0,0,0,0,1,0,3,0.3602941176470588,2,2,1,3,0,1,4,5,1,0,3,3,1,6,0.007692307692307693,1,5.578095744680851,137.2142857142857,0.2142857142857143,0.3787878787878788,0.6666666666666666,0.0,0.0,0.0,0.5,0.3333333333333333,1,2,0,3,-1,2,2,0,2,0,2,5.0,85.7,80.7,4.02,1
472,3,4,6,0,2,1,3,2,2,2,0.0,3,1,1,0,0,0.166,0.09183673469387756,3,3,0,1,2,3,5,2111,1,5,0,0,0.02758620689655172,0.3333333333333333,0.2857142857142857,0.02479338842975207,3,1,0,0,0,3,0,0,4,2,0,7,0,1,0,0,0,0,0,0,4,0,0,0,0,0,2,2,0,0,5,0,0,0,0,0,0,0,0,0,0,0,0,0,0,0,0,0,0,4,0,0,0.3602941176470588,2,2,1,4,0,0,4,5,1,1,1,5,0,6,0.0,0,5.578095744680851,137.2142857142857,0.2142857142857143,0.3787878787878788,0.0,0.0,0.0,0.5,0.0,0.0,1,5,0,3,-1,0,4,0,2,1,2,7.7,68.3,60.6,10.0,2
473,0,4,6,1,2,1,3,3,2,4,0.0,6,4,4,0,2,0.308,0.09183673469387756,3,3,1,0,2,1,3,2079,1,0,0,0,0.02758620689655172,0.3333333333333333,0.2857142857142857,0.02479338842975207,3,1,0,2,0,4,0,2,3,1,1,7,2,0,0,0,0,0,0,0,3,2,1,0,0,0,2,2,1,2,3,4,0,0,0,1,2,3,0,0,0,0,0,0,0,0,0,1,0,0,0,3,0.3602941176470588,2,2,1,4,0,0,4,5,1,0,0,5,0,6,0.0,0,5.578095744680851,137.2142857142857,0.2142857142857143,1.0,0.6666666666666666,0.0,0.0,0.3333333333333333,0.0,0.0,1,5,2,2,-1,2,2,0,2,2,2,8.3,82.3,74.0,0.0,0
477,2,4,6,3,2,1,3,1,2,4,0.0,4,4,4,1,3,0.44,0.09183673469387756,3,3,0,1,2,3,5,1943,0,5,0,0,0.02758620689655172,0.3333333333333333,0.2857142857142857,0.02479338842975207,1,1,0,0,0,2,0,1,4,3,1,3,3,2,1,0,0,0,0,0,4,0,0,0,0,0,2,2,0,0,5,0,0,0,0,0,0,0,0,0,0,0,0,0,0,0,0,0,0,3,0,0,0.3602941176470588,2,2,1,3,1,1,4,5,1,1,1,5,0,6,0.007692307692307693,0,5.578095744680851,137.2142857142857,0.2142857142857143,0.3787878787878788,0.0,0.0,0.0,0.5833333333333334,0.6666666666666666,0.6666666666666666,1,2,0,3,-1,0,4,0,2,1,2,5.7,97.7,92.0,3.32,1
478,0,4,6,1,2,1,3,1,2,4,0.0,6,3,4,1,0,0.2115,0.09183673469387756,3,3,0,2,2,2,0,1888,1,5,0,0,0.02758620689655172,0.3333333333333333,0.2857142857142857,0.02479338842975207,3,1,0,1,0,3,0,2,4,1,0,3,0,0,0,0,0,0,0,0,4,0,0,0,0,0,2,2,0,0,5,0,0,0,0,0,0,0,0,0,0,0,0,0,0,0,0,0,0,3,0,0,0.3602941176470588,2,2,1,4,0,0,4,5,1,0,0,5,0,3,0.007692307692307693,1,5.578095744680851,137.2142857142857,0.2142857142857143,0.3787878787878788,0.0,0.0,0.0,0.0,0.0,0.0,1,5,0,3,-1,0,4,0,2,1,2,7.3,68.7,61.4,10.0,2
479,0,4,5,0,3,1,3,3,2,4,0.0,6,3,4,0,1,0.127,0.09183673469387756,3,3,2,0,2,3,5,2232,0,5,0,0,0.02758620689655172,0.3333333333333333,0.2857142857142857,0.02479338842975207,3,1,0,1,0,4,0,0,3,0,1,7,0,0,0,0,0,0,0,1,3,0,0,0,0,1,2,2,0,2,3,4,0,0,0,1,1,4,0,0,0,0,0,0,0,0,0,0,0,1,1,4,0.3602941176470588,2,2,1,4,0,0,4,5,1,0,1,0,0,6,0.0,1,5.578095744680851,137.2142857142857,0.2142857142857143,0.3787878787878788,0.0,0.0,0.0,0.0,0.0,0.0,1,5,0,2,-1,3,2,0,2,2,2,5.7,60.3,54.6,0.0,0
480,0,4,5,0,3,1,3,3,2,4,0.0,5,3,4,0,1,0.106,0.09183673469387756,3,3,2,0,2,3,5,2232,0,5,0,0,0.02758620689655172,0.3333333333333333,0.2857142857142857,0.02479338842975207,3,1,2,0,0,3,2,0,3,1,1,7,0,0,0,0,0,0,0,2,2,0,0,0,0,2,2,2,0,3,1,3,0,0,1,1,1,3,0,0,0,0,0,0,0,0,0,0,0,1,1,4,0.3602941176470588,2,2,1,4,0,0,4,5,1,0,1,0,0,6,0.007692307692307693,1,5.578095744680851,137.2142857142857,0.2142857142857143,1.0,0.0,0.0,0.0,0.0,0.0,0.0,1,2,2,3,-1,0,3,0,2,3,2,2.3,62.3,60.0,0.0,0
481,0,1,5,1,0,3,3,3,2,4,0.0,0,4,5,1,1,0.49,0.09183673469387756,3,3,1,0,2,3,5,2217,1,5,0,0,0.02758620689655172,0.3333333333333333,0.2857142857142857,0.02479338842975207,2,0,2,2,0,2,0,3,4,0,1,23,2,0,0,0,0,0,0,0,3,1,1,0,0,0,0,2,0,0,5,0,0,0,0,0,0,0,0,0,0,0,0,0,0,0,0,0,0,3,0,0,0.3602941176470588,2,2,0,4,0,0,3,0,1,0,1,5,0,6,0.007692307692307693,0,5.578095744680851,137.2142857142857,0.2142857142857143,0.3787878787878788,0.0,0.0,0.0,0.0,0.0,0.0,4,7,0,3,-1,3,2,0,2,1,2,3.425945945945946,66.23146067415729,250.0,0.0,0
482,3,4,4,6,3,2,1,2,2,4,0.0,3,3,3,0,0,0.865,0.09183673469387756,3,3,1,2,2,3,5,2099,0,5,0,0,0.02758620689655172,0.3333333333333333,0.2857142857142857,0.02479338842975207,2,0,2,4,0,2,0,2,3,1,1,135,1,0,0,0,0,0,0,0,3,0,0,0,0,0,2,2,0,0,5,0,0,0,0,0,0,0,0,0,0,0,0,0,0,0,0,0,0,4,0,0,0.3602941176470588,2,2,0,4,0,0,4,5,1,0,1,5,0,6,0.007692307692307693,1,5.578095744680851,137.2142857142857,0.2142857142857143,0.3787878787878788,0.0,0.0,0.0,0.0,0.0,0.0,4,7,0,2,-1,1,2,0,2,0,2,7.7,257.7,250.0,10.0,2
485,3,4,6,3,1,1,3,2,2,4,0.0,5,4,3,0,0,0.29,0.09183673469387756,3,3,1,2,2,0,5,1987,1,5,0,0,0.02758620689655172,0.3333333333333333,0.2857142857142857,0.02479338842975207,0,0,0,1,0,4,0,3,3,1,1,5,0,0,0,0,0,0,0,0,4,0,0,0,0,0,2,2,0,1,5,0,0,0,0,0,0,0,0,0,0,0,0,0,0,0,0,0,0,4,0,0,0.3602941176470588,2,2,0,3,1,1,4,5,1,0,0,5,0,6,0.007692307692307693,0,5.578095744680851,137.2142857142857,0.2142857142857143,0.3787878787878788,0.0,0.0,0.0,0.0,0.0,0.0,4,7,0,2,-1,0,4,0,2,0,2,5.3,93.3,88.0,10.0,2
497,3,4,6,0,3,2,3,1,1,4,0.0,2,3,4,1,1,0.5,0.09183673469387756,3,3,1,1,2,2,1,2221,0,0,0,0,0.02758620689655172,0.3333333333333333,0.2857142857142857,0.02479338842975207,3,1,2,2,2,0,4,0,2,1,0,14,2,1,0,1,0,0,0,4,3,0,0,1,0,1,2,3,2,3,1,4,0,0,0,0,1,2,0,0,0,0,0,0,0,0,0,0,0,0,1,4,0.3602941176470588,2,2,1,3,1,1,4,5,1,0,0,5,0,6,0.007692307692307693,0,5.578095744680851,137.2142857142857,0.2142857142857143,0.3787878787878788,0.5,0.0,0.0,0.6666666666666666,0.4166666666666667,1.0,0,0,2,0,-1,3,2,0,0,3,2,6.3,31.7,25.4,3.95,1
500,2,3,5,3,3,2,2,2,1,3,0.0,5,3,2,4,3,0.412,0.09183673469387756,3,3,0,2,1,1,3,2062,0,5,0,0,0.02758620689655172,0.3333333333333333,0.2857142857142857,0.02479338842975207,3,2,0,0,0,0,5,0,0,3,0,2,2,3,0,1,0,0,0,4,0,0,0,3,1,2,2,1,2,2,3,3,0,0,1,2,1,0,0,0,0,0,0,0,0,0,0,0,0,0,0,3,0.3602941176470588,0,2,1,3,0,3,1,5,1,2,0,5,0,6,0.007692307692307693,2,5.578095744680851,137.2142857142857,0.2142857142857143,0.3787878787878788,0.5,0.0,0.3333333333333333,0.3333333333333333,0.4166666666666667,0.0,0,0,2,0,-1,0,1,0,1,2,2,0.0,9.7,9.7,5.79,2
501,1,3,3,5,2,1,3,0,2,4,0.0,5,3,5,1,1,0.08,0.09183673469387756,3,3,0,2,0,2,3,2062,1,5,0,0,0.02758620689655172,0.3333333333333333,0.2857142857142857,0.02479338842975207,3,2,0,0,1,0,4,0,2,1,0,10,2,0,0,0,0,0,0,4,0,0,0,2,0,0,1,0,2,1,3,4,0,0,2,1,1,0,0,0,0,0,0,0,0,0,0,1,0,0,1,3,0.3602941176470588,2,2,1,3,0,1,4,0,1,0,1,4,1,6,0.007692307692307693,0,5.578095744680851,137.2142857142857,0.2142857142857143,0.3787878787878788,0.3333333333333333,0.0,0.0,0.0,0.3333333333333333,0.6666666666666666,0,0,1,0,-1,0,1,0,1,0,2,0.0,9.0,9.0,10.0,2
505,3,4,6,0,1,1,3,3,2,3,0.0,3,3,2,3,0,0.005,0.09183673469387756,3,3,0,0,2,3,3,2109,1,5,0,0,0.02758620689655172,0.3333333333333333,0.2857142857142857,0.02479338842975207,3,2,3,0,1,0,4,0,2,3,0,10,2,2,0,1,0,0,0,4,1,1,1,3,0,1,2,1,2,3,1,4,1,0,1,1,2,0,0,0,0,0,0,0,0,0,0,1,0,0,1,4,0.3602941176470588,0,2,1,4,0,0,3,5,1,0,0,5,0,6,0.007692307692307693,2,5.578095744680851,137.2142857142857,0.2142857142857143,0.3787878787878788,0.0,0.0,0.0,0.0,0.0,0.0,0,0,2,0,-1,0,0,0,1,3,2,1.7,14.7,13.0,10.0,2
507,2,3,6,1,3,1,3,0,2,3,0.0,0,3,3,4,0,0.279,0.09183673469387756,3,3,0,1,1,2,3,1947,1,5,0,0,0.02758620689655172,0.3333333333333333,0.2857142857142857,0.02479338842975207,3,2,0,0,2,0,5,0,0,0,0,10,2,0,0,0,0,0,0,4,0,0,1,3,1,0,2,1,2,2,2,4,0,0,2,1,1,0,0,0,0,0,0,0,0,0,0,1,0,0,0,4,0.3602941176470588,2,2,1,3,1,2,2,5,1,0,0,5,0,6,0.0,0,5.578095744680851,137.2142857142857,0.2142857142857143,0.3787878787878788,0.0,0.0,0.0,0.0,0.0,0.6666666666666666,0,0,2,0,-1,3,1,0,1,2,2,0.0,0.0,0.0,10.0,2
508,0,0,2,6,1,1,3,0,0,2,0.0,3,5,3,0,3,0.36,0.09183673469387756,3,3,1,1,2,2,5,2228,1,5,0,0,0.02758620689655172,0.3333333333333333,0.2857142857142857,0.02479338842975207,2,1,0,5,1,0,0,0,0,2,1,29,2,0,0,0,0,0,0,0,4,0,0,0,0,0,0,2,0,0,5,0,0,0,0,0,0,0,0,0,0,0,0,0,0,0,0,0,0,1,1,4,0.3602941176470588,2,2,0,3,0,1,4,0,1,0,1,5,0,6,0.007692307692307693,0,5.49,137.2142857142857,0.2142857142857143,0.3787878787878788,0.0,0.0,0.0,0.0,0.0,0.0,3,1,0,2,-1,1,4,0,2,0,-1,3.425945945945946,66.23146067415729,71.0,4.17,1
509,2,3,0,6,2,3,3,3,2,4,0.0,3,5,3,0,3,0.25,0.09183673469387756,3,3,1,0,2,3,5,2038,1,5,0,0,0.02758620689655172,0.3333333333333333,0.2857142857142857,0.02479338842975207,2,2,0,0,0,0,1,0,5,2,0,2,2,1,0,0,0,0,0,4,3,0,0,0,0,0,1,1,1,0,4,4,0,0,0,0,0,4,1,0,0,0,0,0,0,0,0,0,0,2,1,1,0.3602941176470588,2,2,0,4,0,0,4,0,1,0,1,5,0,6,0.007692307692307693,1,5.43,137.2142857142857,0.2142857142857143,0.3787878787878788,0.0,0.0,0.0,0.3333333333333333,0.0,0.0,0,0,1,0,-1,0,2,0,1,-1,-1,3.425945945945946,66.23146067415729,0.0,0.0,0
510,3,3,3,6,2,3,3,1,1,4,0.0,2,5,3,0,2,0.37,0.09183673469387756,3,3,2,1,1,1,3,2122,1,5,0,0,0.02758620689655172,0.3333333333333333,0.2857142857142857,0.02479338842975207,2,2,3,2,1,1,5,0,2,2,0,26,2,2,1,1,0,0,0,0,0,1,1,1,0,1,1,1,1,1,4,3,0,0,2,1,1,0,0,0,0,0,0,0,0,0,0,1,0,0,1,3,0.3602941176470588,0,2,0,4,0,0,4,0,1,0,1,5,0,6,0.007692307692307693,2,6.67,137.2142857142857,0.2142857142857143,0.3787878787878788,0.5,0.0,0.0,0.0,0.0,0.0,0,1,1,0,-1,2,1,2,1,0,2,3.425945945945946,66.23146067415729,22.3,5.26,1
511,0,3,5,6,2,1,2,3,2,3,0.00558659217877095,2,5,5,3,1,0.26,0.09183673469387756,3,3,0,0,0,2,2,1767,1,5,0,0,0.02758620689655172,0.3333333333333333,0.2857142857142857,0.02479338842975207,2,2,0,4,0,2,2,1,2,2,1,31,2,1,1,0,1,0,0,0,2,2,1,3,0,0,0,0,0,1,4,4,0,0,1,0,0,0,0,0,4,0,0,0,0,0,0,1,0,0,1,3,0.3602941176470588,2,2,1,4,0,0,4,0,1,0,1,5,0,6,0.007692307692307693,1,5.578095744680851,137.2142857142857,0.2142857142857143,0.3787878787878788,0.0,0.0,0.0,0.4166666666666667,0.0,0.0,3,0,0,2,-1,1,3,0,1,0,2,3.425945945945946,66.23146067415729,0.0,3.72,1
512,0,4,5,3,1,0,3,4,2,4,0.00558659217877095,6,3,5,1,1,0.3,0.09183673469387756,3,3,0,0,2,2,3,2026,1,5,0,0,0.02758620689655172,0.3333333333333333,0.2857142857142857,0.02479338842975207,1,2,0,2,2,1,3,0,3,1,1,190,3,1,1,0,1,0,0,3,2,2,1,3,0,0,0,1,1,1,4,4,0,0,0,0,0,3,0,0,0,0,0,0,0,0,0,0,0,1,1,3,0.3602941176470588,2,2,0,4,0,0,4,0,1,0,1,5,0,6,0.007692307692307693,1,5.578095744680851,137.2142857142857,0.2142857142857143,0.3787878787878788,0.0,0.0,0.0,0.0,0.0,0.0,0,0,1,0,-1,3,3,0,0,0,2,3.425945945945946,66.23146067415729,27.0,0.0,0
513,2,3,6,1,3,1,4,3,2,4,0.00558659217877095,3,2,2,4,1,0.6162,0.09183673469387756,3,3,1,1,2,3,5,2029,1,5,0,0,0.02758620689655172,0.3333333333333333,0.2857142857142857,0.02479338842975207,3,0,0,1,0,3,1,1,3,2,1,7,0,1,2,0,0,0,0,0,4,0,0,0,0,0,2,2,0,1,3,4,0,0,0,0,0,1,0,0,0,0,0,0,0,0,0,0,0,4,0,0,0.3602941176470588,2,2,1,4,0,0,3,0,1,0,1,5,0,6,0.007692307692307693,0,5.578095744680851,137.2142857142857,0.2142857142857143,1.0,0.0,0.0,0.0,0.3333333333333333,0.0,0.0,4,7,0,2,-1,1,4,0,2,0,2,6.0,67.0,61.0,3.99,1
514,0,4,5,1,1,0,4,1,1,4,0.00558659217877095,6,4,0,0,1,0.005,0.09183673469387756,3,3,0,1,2,2,5,2169,0,5,0,0,0.02758620689655172,0.3333333333333333,0.2857142857142857,0.0,1,3,0,0,0,0,0,0,0,6,0,0,2,4,0,3,0,4,1,0,0,0,0,0,0,0,2,2,3,3,0,4,0,0,2,1,1,1,1,2,3,4,1,0,0,0,0,0,0,0,1,2,0.3602941176470588,2,2,1,4,0,0,4,0,1,1,1,5,0,4,0.0,0,5.578095744680851,137.2142857142857,0.2142857142857143,1.0,0.0,0.0,0.0,0.0,0.6666666666666666,0.6666666666666666,2,3,2,1,-1,0,1,1,2,3,2,0.0,48.0,48.0,0.0,0
515,0,4,5,3,1,3,3,1,1,4,0.00558659217877095,6,4,5,2,0,0.01,0.09183673469387756,3,3,0,1,2,2,3,1987,1,5,0,0,0.02758620689655172,0.3333333333333333,0.2857142857142857,0.02479338842975207,2,2,0,0,3,0,3,0,1,2,2,10,2,3,1,0,0,0,0,3,0,0,1,2,0,0,2,0,3,1,4,4,0,0,2,1,1,1,0,0,0,0,0,0,0,0,0,0,0,0,1,3,0.3602941176470588,2,2,1,4,0,0,3,0,1,0,1,5,0,6,0.007692307692307693,1,5.578095744680851,137.2142857142857,0.2142857142857143,0.3787878787878788,0.0,0.0,0.0,0.4166666666666667,0.0,0.0,0,0,0,0,-1,2,1,0,1,0,2,0.0,7.0,7.0,10.0,2
516,3,4,4,1,3,2,3,1,2,5,0.00558659217877095,0,5,5,0,3,0.0129,0.09183673469387756,3,3,1,0,2,3,5,2080,1,5,0,0,0.02758620689655172,0.3333333333333333,0.2857142857142857,0.02479338842975207,2,2,0,0,4,0,2,0,2,1,2,42,2,0,0,0,0,0,0,0,0,1,0,3,0,0,2,4,3,0,5,0,0,0,0,0,0,0,0,0,0,0,0,0,0,0,0,0,0,4,0,0,0.3602941176470588,0,2,0,4,0,0,4,0,1,0,1,4,0,2,0.007692307692307693,2,5.578095744680851,137.2142857142857,0.2142857142857143,0.3787878787878788,0.0,0.0,0.0,0.0,0.0,0.0,3,0,1,2,-1,1,1,0,1,0,2,0.0,9.0,9.0,0.0,0
517,0,4,6,0,2,1,3,4,2,3,0.00558659217877095,6,5,5,0,1,0.16,0.09183673469387756,3,3,1,0,2,2,5,1968,0,5,0,0,0.02758620689655172,0.3333333333333333,0.2857142857142857,0.02479338842975207,1,2,0,4,0,2,0,0,3,1,0,7,0,0,0,0,0,0,0,0,3,0,0,1,0,1,2,2,1,2,3,4,0,0,0,1,1,0,0,0,0,0,0,0,0,0,0,0,0,1,1,4,0.3602941176470588,2,2,1,4,0,0,4,0,1,0,1,5,0,6,0.007692307692307693,1,5.578095744680851,137.2142857142857,0.2142857142857143,1.0,0.3333333333333333,0.0,0.0,0.0,0.0,0.0,3,1,2,2,-1,1,2,0,2,2,2,7.3,53.7,46.4,0.0,0
518,3,4,6,1,3,1,4,3,2,4,0.00558659217877095,2,3,5,3,2,0.52,0.09183673469387756,3,3,0,0,2,1,4,1846,1,5,0,0,0.02758620689655172,0.3333333333333333,0.2857142857142857,0.02479338842975207,1,1,3,1,0,2,0,0,4,3,2,3,3,2,1,1,0,0,0,2,3,1,0,1,0,0,2,2,1,2,3,1,0,0,0,2,2,2,1,4,3,4,2,1,0,0,2,1,0,0,1,1,0.3602941176470588,2,2,1,4,0,0,3,5,1,0,1,5,0,6,0.007692307692307693,0,5.578095744680851,137.2142857142857,0.2142857142857143,0.3787878787878788,0.0,0.0,0.0,0.0,0.0,0.0,1,2,2,3,-1,0,2,0,2,2,2,4.7,139.0,134.3,0.0,0
519,1,4,6,1,3,1,3,3,2,4,0.00558659217877095,6,2,5,2,3,0.038,0.09183673469387756,3,3,1,1,1,3,4,1670,0,5,0,0,0.02758620689655172,0.3333333333333333,0.2857142857142857,0.02479338842975207,1,3,0,0,0,0,0,0,4,4,0,2,3,3,0,2,0,0,0,0,0,0,0,0,0,0,2,2,2,3,1,3,0,0,1,0,2,3,1,3,2,4,0,1,0,0,2,1,0,0,0,1,0.3602941176470588,2,2,1,4,0,0,3,5,1,2,0,5,0,6,0.0,0,5.578095744680851,137.2142857142857,0.2142857142857143,0.3787878787878788,0.6666666666666666,0.4444444444444444,0.0,0.3333333333333333,0.0,0.0,2,3,2,3,-1,0,1,0,2,3,2,0.0,96.7,96.7,3.16,1
520,3,4,6,0,0,0,3,3,2,4,0.00558659217877095,2,5,5,2,3,0.72,0.09183673469387756,3,3,1,0,2,3,3,1329,1,5,0,0,0.02758620689655172,1.0,0.2857142857142857,0.0,0,2,0,1,0,1,0,1,0,0,1,85,3,0,0,0,0,0,0,0,3,2,1,2,1,0,1,2,1,1,4,4,0,0,0,0,0,4,0,0,0,0,0,0,0,0,0,0,0,3,0,0,0.3602941176470588,2,2,0,4,0,0,4,0,1,0,0,5,0,6,0.0,1,6.57,104.0,0.0,0.0,0.0,0.0,0.0,0.0,0.0,0.0,3,1,0,2,-1,1,2,0,2,0,2,2.0,48.3,46.3,0.0,0
521,3,4,6,0,0,0,3,3,2,4,0.00558659217877095,2,5,5,0,3,0.72,0.09183673469387756,3,3,1,0,2,3,3,1329,0,5,0,0,0.02758620689655172,1.0,0.2857142857142857,0.0,0,0,2,2,0,2,0,2,3,1,0,5,0,0,0,0,0,0,0,0,4,0,1,0,0,0,1,2,1,0,4,4,0,0,0,0,0,4,0,0,0,0,0,0,0,0,0,0,0,3,0,0,0.3602941176470588,2,2,0,4,0,0,4,0,1,0,1,5,0,6,0.0,1,5.578095744680851,137.2142857142857,0.2142857142857143,0.3787878787878788,0.0,0.0,0.0,0.0,0.0,0.0,4,7,0,2,-1,3,4,0,2,1,2,7.7,179.0,171.3,0.0,0
522,3,3,5,5,0,0,2,2,2,5,0.00558659217877095,5,5,5,3,3,0.41,0.09183673469387756,3,3,2,0,1,3,3,1342,0,5,0,0,0.02758620689655172,0.3333333333333333,0.2857142857142857,0.0,3,2,0,5,0,1,0,1,1,0,0,21,2,0,0,0,0,0,0,0,4,2,1,0,1,0,1,3,0,0,4,4,0,0,0,0,0,4,0,0,0,0,0,0,0,0,0,0,0,3,0,0,0.3602941176470588,2,2,0,4,0,0,4,0,1,0,1,5,0,6,0.0,0,4.01,75.0,0.0,0.0,0.0,0.0,0.0,0.0,0.0,0.0,3,0,0,2,-1,1,4,0,0,0,2,6.3,32.7,26.4,0.0,0
523,3,3,5,5,0,0,2,2,2,5,0.00558659217877095,5,5,5,3,3,0.41,0.09183673469387756,3,3,2,0,1,3,3,1342,0,5,0,0,0.02758620689655172,0.3333333333333333,0.2857142857142857,0.0,3,0,2,3,0,3,0,3,2,1,2,5,0,0,0,0,0,0,0,0,4,0,0,0,0,0,0,2,0,0,4,0,0,0,0,0,0,4,0,0,0,0,0,0,0,0,0,0,0,4,0,0,0.3602941176470588,2,2,0,4,0,0,4,0,1,0,1,5,0,6,0.0,1,5.578095744680851,137.2142857142857,0.2142857142857143,0.3787878787878788,0.0,0.0,0.0,0.0,0.0,0.0,4,7,0,2,-1,2,4,0,2,1,2,6.3,97.0,90.7,0.0,0
524,2,4,6,0,3,0,3,4,2,4,0.00558659217877095,6,3,5,4,3,0.07,0.09183673469387756,3,3,1,0,2,1,3,1426,0,5,0,0,0.02758620689655172,1.0,0.2857142857142857,0.0,0,3,0,1,0,0,1,0,3,3,0,20,3,2,0,1,0,0,0,0,1,1,1,3,0,1,1,2,3,2,0,1,0,0,2,1,1,3,1,3,4,4,1,1,0,1,2,1,0,0,0,2,0.3602941176470588,0,2,0,4,0,0,4,0,1,0,1,5,0,6,0.0,3,6.43,80.0,0.0,0.0,0.0,0.0,0.0,0.0,0.0,0.0,2,3,2,1,-1,0,0,0,2,2,2,0.0,144.0,144.0,0.0,0
525,2,5,6,0,3,0,3,4,2,4,0.00558659217877095,5,3,5,4,3,0.76,0.09183673469387756,3,3,2,0,2,3,3,1363,0,5,0,0,0.02758620689655172,1.0,0.2857142857142857,0.0,0,0,2,0,0,1,0,3,3,2,1,5,3,1,0,0,0,0,0,0,4,0,0,0,0,0,0,2,1,1,4,1,0,0,0,4,1,4,1,4,4,4,2,1,0,0,1,0,0,4,0,0,0.3602941176470588,2,2,0,4,0,0,4,0,1,0,0,5,0,6,0.0,1,3.66,65.0,0.0,0.0,0.0,0.0,0.0,0.0,0.0,0.0,4,6,0,3,-1,0,4,0,2,0,2,7.0,264.0,257.0,0.0,0
526,3,4,6,0,0,0,3,2,1,5,0.00558659217877095,2,1,2,4,3,0.24,0.09183673469387756,3,3,0,0,2,3,1,1907,1,5,0,0,0.02758620689655172,0.3333333333333333,1.0,0.0,2,2,0,1,1,0,4,0,2,1,0,62,2,0,0,0,0,0,0,4,1,0,1,1,0,0,1,1,3,2,0,4,0,0,1,1,1,0,0,0,0,0,0,0,0,0,0,0,0,0,1,3,0.3602941176470588,1,2,1,4,0,0,4,0,1,0,0,5,0,6,0.0,0,6.39,90.0,0.0,0.0,0.0,0.0,0.0,0.0,0.0,0.0,0,0,0,0,-1,3,0,0,1,2,2,0.0,2.3,2.3,0.0,0
527,3,4,6,0,3,0,3,3,2,5,0.00558659217877095,2,4,2,2,3,0.24,0.09183673469387756,3,3,2,0,2,3,3,1907,0,5,0,0,0.02758620689655172,0.3333333333333333,1.0,0.0,2,1,0,2,0,3,0,2,2,3,0,5,0,2,1,0,0,0,0,0,4,1,1,0,0,0,0,2,2,1,2,4,0,0,0,0,1,4,0,0,0,0,0,0,0,0,0,0,0,3,0,0,0.3602941176470588,2,2,0,4,0,0,4,1,1,0,3,5,0,6,0.0,1,4.1,61.0,0.0,0.0,0.0,0.0,0.0,0.0,0.0,0.0,1,2,0,2,-1,3,4,0,2,0,2,10.7,56.7,46.0,0.0,0
528,0,4,6,0,0,0,3,4,2,4,0.00558659217877095,6,3,5,4,3,0.56,0.09183673469387756,3,3,1,0,2,2,3,1479,1,5,0,0,0.02758620689655172,0.3333333333333333,0.2857142857142857,0.0,1,2,0,5,2,2,2,1,1,0,1,124,3,0,0,0,0,0,0,1,3,2,1,1,1,0,2,2,1,1,4,4,0,0,0,0,0,3,0,0,0,0,0,0,0,0,0,0,0,1,1,4,0.3602941176470588,2,1,0,4,0,0,4,0,1,0,0,5,0,6,0.0,1,6.51,190.0,0.0,0.0,0.0,0.0,0.0,0.0,0.0,0.0,3,1,0,2,-1,1,2,0,2,0,2,0.7,74.0,73.3,0.0,0
529,2,4,6,0,3,0,3,4,2,4,0.00558659217877095,6,3,5,4,3,0.08,0.09183673469387756,3,3,1,0,2,2,3,1523,0,5,0,0,0.02758620689655172,0.3333333333333333,0.2857142857142857,0.0,1,1,0,1,0,0,0,0,3,4,0,20,3,3,0,1,0,0,0,1,2,1,1,0,1,0,0,2,2,3,1,2,0,0,1,1,1,4,1,3,2,2,1,1,0,1,1,0,0,0,0,4,0.3602941176470588,0,1,0,4,0,0,4,0,1,0,0,4,0,3,0.0,3,5.89,98.0,0.0,0.0,0.0,0.0,0.0,0.0,0.0,0.0,1,5,1,1,-1,0,3,0,2,4,2,0.0,47.0,47.0,0.0,0
530,3,4,6,0,3,0,3,4,2,4,0.00558659217877095,2,0,2,4,3,0.62,0.09183673469387756,3,3,0,0,2,3,3,1523,0,5,0,0,0.02758620689655172,0.3333333333333333,0.2857142857142857,0.0,1,2,3,1,0,1,1,0,4,2,2,3,0,1,1,0,0,0,0,2,0,1,0,1,1,0,1,3,3,2,0,2,0,0,1,1,1,1,1,2,2,4,1,1,0,0,1,1,0,0,0,3,0.3602941176470588,0,2,0,4,0,0,4,0,1,0,1,5,0,6,0.0,3,5.578095744680851,137.2142857142857,0.0,1.0,0.0,0.0,0.0,0.0,0.0,0.0,0,0,2,3,-1,0,0,0,0,2,2,0.0,24.0,24.0,0.0,0
531,4,4,6,1,3,0,3,1,1,4,0.00558659217877095,3,1,4,3,3,0.53,0.09183673469387756,3,3,1,0,2,3,4,1909,1,5,0,0,0.02758620689655172,0.3333333333333333,0.2857142857142857,0.0,3,3,2,0,0,1,1,1,1,5,0,2,3,3,1,1,0,0,0,1,0,1,0,0,0,0,1,4,1,3,0,3,0,0,1,1,1,2,1,2,3,4,1,1,0,0,1,1,0,0,1,2,0.3602941176470588,1,2,0,4,0,0,4,0,1,0,0,5,0,6,0.0,0,4.24,48.0,0.0,0.0,0.0,0.0,0.0,0.0,0.0,0.0,2,4,2,1,-1,0,0,0,1,4,2,5.7,12.7,6.999999999999999,0.0,0
532,0,4,6,0,0,0,2,3,2,5,0.00558659217877095,6,5,2,3,3,0.6,0.09183673469387756,3,3,2,0,2,3,3,2195,0,5,0,0,0.02758620689655172,0.3333333333333333,0.2857142857142857,0.0,3,2,0,4,1,2,2,1,2,0,1,21,3,0,0,0,0,0,0,0,3,2,1,0,0,0,0,2,1,0,4,4,0,0,0,0,0,4,0,0,0,0,0,0,0,0,0,0,0,4,0,0,0.3602941176470588,2,2,0,4,0,0,4,0,1,0,0,5,0,0,0.0,0,5.578095744680851,137.2142857142857,0.2142857142857143,0.3787878787878788,0.0,0.0,0.0,0.0,0.0,0.0,3,1,2,1,-1,0,0,0,1,4,2,5.7,48.0,42.3,0.0,0
533,0,4,6,0,0,0,2,3,2,5,0.00558659217877095,6,5,2,3,3,0.6,0.09183673469387756,3,3,2,0,2,3,3,2195,0,5,0,0,0.02758620689655172,0.3333333333333333,0.2857142857142857,0.0,3,0,2,1,0,2,0,2,2,2,1,5,2,1,1,0,0,0,0,0,4,0,0,0,0,0,0,2,0,0,5,0,0,0,0,0,0,0,0,0,0,0,0,0,0,0,0,0,0,4,0,0,0.3602941176470588,2,2,0,4,0,0,4,0,1,0,1,5,0,6,0.0,0,5.578095744680851,137.2142857142857,0.2142857142857143,0.3787878787878788,0.0,0.0,0.0,0.0,0.0,0.0,4,7,0,3,-1,0,4,0,2,1,2,10.0,44.0,34.0,0.0,0
535,0,4,6,0,0,0,2,4,2,4,0.00558659217877095,6,5,3,4,3,0.39,0.09183673469387756,3,3,2,0,1,3,3,2009,0,5,0,0,0.02758620689655172,1.0,0.2857142857142857,0.0,0,0,0,0,0,3,0,1,4,0,2,1,0,0,0,0,0,0,0,0,2,2,1,2,0,0,0,2,1,1,4,4,0,0,0,0,0,4,0,0,0,0,0,0,0,0,0,0,0,3,0,0,0.3602941176470588,2,2,0,4,0,0,4,0,1,0,1,5,0,6,0.0,0,3.45,80.0,0.0,0.3787878787878788,0.0,0.0,0.0,0.0,0.0,0.0,4,7,0,3,-1,0,3,0,2,0,2,0.0,198.0,198.0,0.0,0
536,2,4,6,0,3,0,3,4,2,4,0.00558659217877095,2,4,3,3,3,0.35,0.09183673469387756,3,3,1,0,2,1,3,2166,0,5,0,0,0.02758620689655172,0.3333333333333333,0.2857142857142857,0.0,3,2,0,0,1,1,2,1,4,2,0,10,2,1,2,0,1,0,0,2,1,0,1,1,1,0,1,1,3,1,1,2,0,0,1,1,1,2,1,3,3,4,1,1,0,0,1,1,0,1,0,4,0.3602941176470588,0,2,0,4,0,0,4,0,1,0,0,5,0,6,0.0,3,6.46,57.0,1.0,0.3787878787878788,0.0,0.0,0.0,0.0,0.0,0.0,0,0,0,0,-1,0,0,0,1,0,2,0.0,17.3,17.3,0.0,0
537,0,5,6,0,0,0,3,0,0,4,0.00558659217877095,6,4,1,1,3,0.31,0.09183673469387756,3,3,2,0,1,3,3,2241,0,5,0,0,0.02758620689655172,0.3333333333333333,0.2857142857142857,0.0,3,0,2,1,0,2,0,3,4,1,2,7,2,0,0,0,0,0,0,0,3,0,0,0,0,0,0,2,1,0,5,0,0,0,0,0,0,0,0,0,0,0,0,0,0,0,0,0,0,4,0,0,0.3602941176470588,2,2,0,4,0,0,3,0,1,0,1,3,0,6,0.0,0,5.578095744680851,137.2142857142857,0.2142857142857143,0.3787878787878788,0.0,0.0,0.0,0.0,0.5833333333333334,0.6666666666666666,4,7,0,3,-1,0,4,0,2,1,2,7.3,213.0,205.7,0.0,0
538,2,5,6,0,0,0,3,1,0,4,0.00558659217877095,3,3,1,2,3,0.15,0.09183673469387756,3,3,2,0,2,3,3,2241,0,5,0,0,0.02758620689655172,0.3333333333333333,0.2857142857142857,0.0,3,0,2,2,0,2,1,2,4,1,2,5,0,0,0,0,0,0,0,0,4,0,0,0,0,0,0,3,1,1,4,4,0,0,0,0,0,4,0,0,0,0,0,0,0,0,0,0,0,4,0,0,0.3602941176470588,2,2,0,3,1,0,4,0,1,0,3,3,0,6,0.0,0,3.53,137.2142857142857,0.0,0.0,0.0,0.0,0.0,0.0,0.0,0.0,4,7,0,3,-1,3,4,0,0,0,2,5.7,22.0,16.3,0.0,0
539,2,4,6,0,0,0,3,0,2,5,0.00558659217877095,4,5,2,3,3,0.12,0.09183673469387756,3,3,1,0,2,3,3,2341,1,5,0,0,0.02758620689655172,1.0,0.2857142857142857,0.0,2,2,0,0,3,0,3,0,3,0,1,10,3,0,0,0,0,0,0,2,3,2,1,0,0,0,1,4,3,0,1,4,0,0,1,0,1,4,0,0,0,0,0,0,0,0,0,0,0,3,0,0,0.3602941176470588,2,2,0,4,0,0,4,0,1,0,0,5,0,6,0.0,0,5.13,85.0,0.0,0.0,0.0,0.0,0.0,0.0,0.0,0.0,3,0,1,4,-1,2,2,0,1,0,2,0.7,7.7,7.0,0.0,0
540,2,4,6,0,0,0,3,0,2,5,0.00558659217877095,4,5,2,4,3,0.18,0.09183673469387756,3,3,0,0,2,3,3,2341,0,5,0,0,0.02758620689655172,1.0,0.2857142857142857,0.0,0,2,0,4,2,1,1,1,2,0,2,23,3,0,0,0,0,0,0,1,3,0,1,0,0,0,1,3,1,1,3,4,0,0,1,1,1,4,0,0,0,0,0,0,0,0,0,0,0,4,0,0,0.3602941176470588,2,2,0,4,0,0,4,0,1,1,3,4,0,6,0.0,0,4.01,88.0,0.0,0.0,0.0,0.0,0.0,0.0,0.0,0.0,3,0,0,2,-1,1,2,0,0,0,2,2.3,31.7,29.4,0.0,0
541,0,3,6,0,0,0,3,1,0,3,0.00558659217877095,6,5,2,4,3,0.26,0.09183673469387756,3,3,0,0,2,3,1,2292,1,5,0,0,0.02758620689655172,1.0,0.2857142857142857,0.0,0,2,0,1,1,0,5,0,1,0,0,2,3,0,0,0,0,0,0,4,0,2,1,2,0,0,1,1,3,1,0,3,0,0,1,1,0,0,0,0,0,0,0,0,0,0,0,1,0,0,1,3,0.3602941176470588,1,2,0,4,0,0,3,0,1,0,1,5,0,6,0.0,0,6.32,90.0,0.2142857142857143,0.3787878787878788,0.0,0.0,0.0,0.0,0.0,0.0,0,0,1,0,-1,0,1,0,1,0,0,0.0,0.0,0.0,0.0,0
542,2,3,5,3,0,0,3,0,1,2,0.00558659217877095,5,5,1,4,3,0.16,0.09183673469387756,3,3,2,0,2,3,3,2075,0,5,0,0,0.02758620689655172,1.0,0.2857142857142857,0.0,3,2,1,5,0,2,0,0,0,0,0,21,3,0,0,0,0,0,0,0,1,2,1,3,0,0,1,2,0,0,5,0,0,0,0,0,0,0,0,0,0,0,0,0,0,0,0,0,0,3,0,0,0.3602941176470588,2,2,0,3,1,1,3,0,1,0,4,3,0,6,0.0,0,5.578095744680851,137.2142857142857,0.2142857142857143,0.3787878787878788,0.0,0.0,0.0,0.0,0.0,0.0,3,1,0,2,-1,1,0,0,2,1,2,0.7,83.3,82.6,0.0,0
