OF19,OF20,OF21,OF22,OF23,OF24,F40,F48,F50,F52,F66,S2,PR_Benefit,PR Benefit Rating
1.0,3,3,1,0,2,0,2,4,0,29.0,0.0,10.0,2
0.0,3,3,1,0,2,0,2,4,0,101.0,0.0,0.0,0
0.0,3,3,0,0,2,0,2,4,0,20.0,0.0,0.0,2
0.0,3,3,0,0,2,0,2,4,0,85.0,0.0,6.13,2
0.0,0,0,1,0,2,1,2,4,0,52.0,0.0,10.0,2
0.0,3,3,0,0,2,0,2,4,0,33.0,0.0,5.97,2
0.0,3,3,0,0,2,0,2,4,0,63.0,0.0,6.01,2
0.0,3,3,1,0,2,0,2,4,0,137.2142857142857,0.0,0.0,0
0.0,3,3,0,0,2,0,2,4,0,61.0,0.0,5.87,2
0.0,3,3,1,0,2,0,2,4,0,137.2142857142857,0.0,0.0,0
0.0,3,3,1,0,2,0,2,4,0,50.0,0.0,5.81,2
0.0,3,3,0,0,2,2,2,4,0,68.0,0.0,3.0,2
0.0,3,3,1,0,2,0,2,4,0,22.0,0.0,5.77,2
0.0,3,3,1,0,2,0,2,4,0,137.2142857142857,0.0,0.0,0
0.0,3,3,2,0,2,0,2,4,0,101.0,0.0,5.24,2
0.0,3,3,2,0,2,0,2,4,0,112.0,0.0,10.0,0
0.0,3,3,1,0,2,1,2,4,0,137.2142857142857,0.0,5.85,2
0.0,3,3,1,0,2,0,2,3,1,55.0,0.0,0.0,0
0.0,3,3,2,0,2,0,2,4,0,53.0,0.0,0.0,0
0.0,3,3,2,0,2,0,2,4,0,96.0,0.0,0.0,0
0.0,3,3,1,0,1,2,1,3,1,360.0,0.5555555555555556,10.0,2
0.0,3,3,2,0,2,0,2,4,0,137.2142857142857,0.0,0.0,0
0.0,3,3,1,0,2,2,2,3,1,404.0,0.0,6.09,2
1.0,3,3,2,0,2,1,2,4,0,108.0,0.0,10.0,2
0.0,3,3,1,0,2,2,2,4,0,98.0,0.0,5.95,2
0.0,3,3,1,1,1,1,2,3,1,670.0,0.5555555555555556,10.0,2
0.0,3,3,1,0,1,2,1,2,1,242.0,0.0,10.0,2
0.0,3,3,1,0,2,1,2,4,0,137.2142857142857,0.0,5.78,2
0.0,3,3,0,0,2,0,2,3,1,137.2142857142857,0.3333333333333333,6.56,2
1.0,3,3,1,0,2,1,2,4,0,137.2142857142857,0.0,10.0,2
1.0,3,3,2,0,2,0,2,4,0,156.0,0.0,10.0,2
0.0,0,0,2,0,2,0,1,4,0,134.0,0.0,10.0,2
0.0,0,0,0,0,1,0,0,3,2,137.2142857142857,0.0,10.0,2
0.0,3,3,2,0,1,0,2,4,0,186.0,0.0,5.88,2
0.0,3,3,1,0,2,0,2,3,1,81.0,0.0,6.04,2
0.0,3,3,2,0,2,0,2,4,0,137.2142857142857,0.0,0.0,0
0.0,3,3,1,0,2,0,2,3,1,137.2142857142857,0.0,0.0,0
0.0,3,3,2,0,2,0,1,4,0,137.2142857142857,0.0,0.0,0
0.0,3,3,1,0,2,1,2,3,1,105.0,0.0,0.0,0
0.0,3,3,2,0,2,0,2,4,0,90.0,0.0,0.0,0
0.0,3,3,1,0,2,1,2,4,0,41.0,0.0,0.0,0
0.0,3,3,2,0,2,1,2,4,0,230.0,0.0,0.0,0
0.0,3,3,2,0,0,2,2,4,0,137.2142857142857,0.0,5.508322751933511,2
1.0,3,3,2,0,2,0,2,4,0,55.0,0.0,10.0,2
0.0,3,3,2,0,2,0,0,4,0,48.0,0.0,0.0,0
0.0,3,3,1,0,2,1,2,4,0,45.0,0.0,5.686471199353573,2
0.0,3,3,1,0,1,0,2,4,0,137.2142857142857,0.0,6.61,2
0.0,3,3,0,2,1,2,2,4,0,137.2142857142857,0.0,10.0,2
0.0,3,3,0,0,1,0,1,4,0,105.0,0.0,10.0,2
0.0,3,3,0,0,2,0,2,3,2,183.0,0.0,6.926000560676771,2
0.0,3,3,0,1,1,0,1,3,2,194.0,0.0,10.0,2
0.0,3,3,1,0,2,0,2,4,0,137.2142857142857,0.6666666666666666,5.84,2
0.0,3,3,2,0,2,1,1,4,0,80.0,0.0,5.864619646773636,2
1.0,3,3,1,0,2,1,1,4,0,160.0,0.0,10.0,2
1.0,3,3,0,0,2,1,2,3,1,140.0,0.0,10.0,2
1.0,3,3,1,1,1,0,1,2,2,176.0,0.4444444444444444,10.0,2
0.0,3,3,1,0,2,0,1,4,0,134.0,0.0,6.314371464850516,2
0.0,3,3,1,0,2,0,0,3,1,137.2142857142857,0.0,0.0,0
0.0,3,3,1,0,2,0,2,4,0,380.0,0.0,5.826653584208704,2
0.0,3,3,0,1,2,0,2,4,0,137.2142857142857,0.0,0.0,0
0.0,3,3,1,1,2,0,2,3,0,137.2142857142857,0.0,6.41,2
0.0,3,3,2,0,2,0,2,3,1,63.0,0.5555555555555556,0.0,0
0.0,3,3,3,0,2,0,2,4,0,58.0,0.0,0.0,0
0.0,3,3,2,0,2,0,2,4,0,51.0,0.0,0.0,0
0.0,3,3,2,0,2,0,2,4,0,52.0,0.0,0.0,0
0.0,3,3,3,0,2,0,2,4,0,64.0,0.0,0.0,0
0.0,3,3,1,1,1,0,2,2,1,137.2142857142857,0.0,2.11,1
0.0,3,3,1,1,2,0,0,2,2,137.2142857142857,0.4444444444444444,4.159067297702875,1
0.0,3,3,0,0,2,0,2,4,0,137.2142857142857,0.4444444444444444,0.0,0
0.0,3,3,0,0,2,0,0,4,0,137.2142857142857,0.0,2.044649659471315,1
0.0,3,3,1,0,2,0,0,4,0,137.2142857142857,0.4444444444444444,10.0,2
0.0,3,1,1,0,1,0,2,2,3,137.2142857142857,0.4444444444444444,4.743160567932588,2
0.0,3,3,1,0,1,0,2,4,0,137.2142857142857,0.5555555555555556,6.474997114163685,2
0.0,3,3,1,0,2,1,0,4,0,137.2142857142857,0.6666666666666666,10.0,2
0.0,3,3,1,0,2,0,0,4,0,137.2142857142857,0.0,0.0,0
0.0,3,3,0,0,1,0,0,4,0,137.2142857142857,0.6666666666666666,10.0,2
0.0,3,3,0,2,2,0,2,3,1,137.2142857142857,0.4444444444444444,7.013614551211226,2
0.0,3,3,1,0,2,0,2,4,0,137.2142857142857,0.5555555555555556,2.990880757243449,1
0.0,3,3,1,0,2,0,0,3,1,137.2142857142857,0.4444444444444444,1.896957503998945,0
0.0,3,3,2,0,2,0,2,3,0,137.2142857142857,0.0,0.0,0
0.0,3,3,2,1,2,0,2,4,0,137.2142857142857,0.0,0.0,0
0.0,3,3,1,0,2,0,0,4,0,137.2142857142857,0.4444444444444444,2.990880757243449,1
0.0,3,3,0,0,2,0,0,3,2,137.2142857142857,0.4444444444444444,4.159067297702875,1
0.0,3,3,1,0,2,0,0,4,0,137.2142857142857,0.0,0.0,0
0.0,3,3,1,0,1,0,1,4,0,137.2142857142857,0.5555555555555556,7.217671707260766,2
0.0,3,3,1,1,2,0,2,1,1,137.2142857142857,0.0,0.0,0
0.0,3,3,2,0,2,0,2,4,0,137.2142857142857,0.0,0.0,0
0.0,3,3,0,0,2,0,0,3,1,137.2142857142857,0.4444444444444444,2.087205026302337,1
0.0,3,3,0,0,2,0,2,4,0,137.2142857142857,0.4444444444444444,0.0,0
0.0,3,3,1,0,2,0,2,4,0,137.2142857142857,0.4444444444444444,5.3272538381623,2
0.0,3,3,2,0,1,0,2,3,1,137.2142857142857,0.5555555555555556,5.3272538381623,2
0.0,3,3,1,2,2,0,2,2,0,137.2142857142857,0.0,0.0,0
0.0,3,3,1,0,2,0,2,4,0,137.2142857142857,0.0,0.0,0
0.0,3,3,1,0,2,0,2,4,0,137.2142857142857,0.0,0.0,0
0.0,3,3,0,0,2,0,2,4,0,137.2142857142857,0.3333333333333333,2.990880757243449,1
1.0,3,3,1,1,2,0,2,4,0,137.2142857142857,0.0,10.0,2
0.0,3,3,2,2,2,0,2,4,0,137.2142857142857,0.3333333333333333,2.990880757243449,1
0.0,3,3,1,0,2,0,2,2,2,137.2142857142857,0.5555555555555556,0.0,0
0.09183673469387756,0,0,0,1,2,0,2,3,1,137.2142857142857,0.0,10.0,2
0.09183673469387756,3,3,0,1,2,0,2,4,0,137.2142857142857,0.0,10.0,2
0.09183673469387756,3,3,2,0,2,0,2,4,0,137.2142857142857,0.0,0.0,0
0.09183673469387756,3,3,1,0,2,2,0,3,3,137.2142857142857,0.4444444444444444,2.262433007371251,1
0.09183673469387756,3,3,1,0,1,0,2,4,0,137.2142857142857,0.0,6.4,2
0.09183673469387756,3,3,1,2,2,1,2,2,0,137.2142857142857,0.4444444444444444,0.0,0
0.09183673469387756,3,3,1,1,1,2,2,4,0,137.2142857142857,0.3333333333333333,10.0,2
0.09183673469387756,3,3,1,2,0,2,2,3,2,137.2142857142857,0.6666666666666666,10.0,2
0.09183673469387756,3,3,2,0,1,0,2,2,1,137.2142857142857,0.0,6.242611434508007,2
0.09183673469387756,3,3,2,0,1,0,2,4,0,137.2142857142857,0.0,0.0,0
0.09183673469387756,3,3,1,1,1,2,2,4,0,137.2142857142857,0.0,6.81,2
0.09183673469387756,3,3,1,0,2,0,2,4,0,137.2142857142857,0.0,5.77,2
0.09183673469387756,3,3,1,0,1,0,2,3,0,137.2142857142857,0.0,6.52,2
0.09183673469387756,3,3,1,0,2,0,2,4,0,137.2142857142857,0.0,0.0,0
0.09183673469387756,3,3,1,0,2,0,2,3,1,137.2142857142857,0.0,0.0,0
0.09183673469387756,3,3,1,1,2,1,2,3,2,137.2142857142857,0.0,10.0,2
0.09183673469387756,3,3,0,2,2,0,2,1,0,137.2142857142857,0.0,2.02,1
0.09183673469387756,3,3,1,1,2,0,2,4,0,137.2142857142857,0.0,6.18,2
0.09183673469387756,3,3,2,0,2,0,2,4,0,137.2142857142857,0.3333333333333333,0.0,0
0.09183673469387756,3,3,1,0,2,0,2,4,0,137.2142857142857,0.0,5.41,2
0.09183673469387756,3,3,0,0,2,1,2,4,0,137.2142857142857,0.4444444444444444,0.0,0
0.09183673469387756,3,3,0,0,2,1,2,4,0,137.2142857142857,0.0,0.0,0
0.09183673469387756,3,3,2,0,2,0,2,4,0,137.2142857142857,0.0,0.0,0
0.09183673469387756,3,3,0,0,1,1,2,4,0,137.2142857142857,0.0,6.65,2
0.09183673469387756,3,3,1,0,1,0,2,4,0,137.2142857142857,0.0,0.0,0
0.09183673469387756,3,3,2,0,1,2,2,0,1,137.2142857142857,0.0,6.9,2
0.09183673469387756,3,3,2,0,1,0,2,2,1,137.2142857142857,0.0,6.69,2
0.09183673469387756,3,3,1,0,1,0,2,4,0,137.2142857142857,0.0,6.19,2
0.09183673469387756,3,3,0,0,1,0,2,4,0,353.0,0.0,6.705713955904421,2
0.09183673469387756,3,3,1,1,2,0,2,4,0,230.0,0.0,6.632702297125707,2
0.09183673469387756,3,3,1,0,1,0,2,4,0,137.2142857142857,0.0,6.57,2
0.09183673469387756,3,3,2,0,2,0,2,4,0,137.2142857142857,0.0,0.0,0
0.09183673469387756,3,3,2,0,2,0,2,4,0,230.0,0.0,0.0,0
0.09183673469387756,3,3,2,0,1,0,2,3,1,780.0,0.4444444444444444,0.0,0
0.09183673469387756,3,3,1,0,1,0,2,3,2,137.2142857142857,0.0,0.0,0
0.09183673469387756,3,3,1,0,2,0,2,4,0,245.0,0.0,0.0,0
0.09183673469387756,3,3,0,0,2,0,2,4,0,137.2142857142857,0.0,6.377599561352882,2
0.09183673469387756,3,3,1,0,1,0,2,3,1,199.0,0.0,6.733249781500965,2
0.09183673469387756,3,3,0,0,2,0,2,2,1,137.2142857142857,0.0,0.0,0
0.09183673469387756,3,3,3,0,2,0,2,4,0,137.2142857142857,0.0,0.0,0
0.09183673469387756,3,3,1,1,2,0,2,4,0,137.2142857142857,0.3333333333333333,0.0,0
0.09183673469387756,3,3,1,0,1,0,2,4,0,137.2142857142857,0.0,0.0,0
0.09183673469387756,3,3,2,0,2,1,2,4,0,137.2142857142857,0.0,0.0,0
0.09183673469387756,3,3,2,0,2,0,2,4,0,137.2142857142857,0.0,0.0,0
0.09183673469387756,3,3,0,0,2,0,2,3,1,163.0,0.5555555555555556,0.0,0
0.09183673469387756,3,3,0,0,2,0,2,4,0,137.2142857142857,0.0,0.0,0
0.09183673469387756,3,3,3,0,2,0,2,4,0,137.2142857142857,0.0,10.0,2
0.09183673469387756,3,0,0,0,2,0,2,4,0,137.2142857142857,0.0,10.0,2
0.09183673469387756,3,3,2,0,2,0,2,4,0,210.0,0.0,0.0,0
0.09183673469387756,3,3,2,0,2,0,2,4,0,137.2142857142857,0.0,0.0,0
0.09183673469387756,3,3,3,0,2,0,2,4,0,137.2142857142857,0.0,0.0,0
0.09183673469387756,0,1,2,1,2,0,2,3,0,90.0,0.0,10.0,2
0.09183673469387756,3,3,1,0,2,1,2,4,0,137.2142857142857,0.0,5.98,2
0.09183673469387756,3,3,1,0,1,0,2,3,0,137.2142857142857,0.0,0.0,0
0.09183673469387756,3,3,0,0,2,2,2,3,1,137.2142857142857,0.0,6.47,2
0.09183673469387756,3,3,0,2,1,1,2,4,0,137.2142857142857,0.0,10.0,2
0.09183673469387756,3,3,1,0,2,0,2,4,0,137.2142857142857,0.0,6.177109546346532,2
0.09183673469387756,3,3,0,1,2,0,2,4,0,137.2142857142857,0.0,6.93,2
0.09183673469387756,3,3,0,0,2,0,2,4,0,137.2142857142857,0.0,6.42,2
0.09183673469387756,3,3,0,2,0,0,2,4,0,137.2142857142857,0.0,2.99,1
0.09183673469387756,3,3,1,0,0,0,2,3,2,137.2142857142857,0.0,10.0,2
0.09183673469387756,3,3,1,0,2,0,2,3,2,137.2142857142857,0.6666666666666666,0.0,0
0.09183673469387756,3,3,0,1,2,0,2,4,0,137.2142857142857,0.4444444444444444,0.0,0
0.09183673469387756,3,3,1,1,2,0,2,3,1,137.2142857142857,0.0,0.0,0
0.09183673469387756,3,3,0,1,2,0,2,4,0,137.2142857142857,0.0,0.0,0
0.09183673469387756,3,3,1,0,2,0,2,4,0,137.2142857142857,0.0,5.93,2
0.09183673469387756,3,3,0,1,2,0,2,3,1,137.2142857142857,0.0,0.0,0
0.09183673469387756,3,3,0,2,2,0,2,4,0,137.2142857142857,0.0,1.93,0
0.09183673469387756,3,3,2,0,2,0,2,4,0,137.2142857142857,0.0,0.0,0
0.09183673469387756,3,3,2,0,2,0,2,4,0,137.2142857142857,0.0,0.0,0
0.09183673469387756,3,3,1,0,2,0,2,4,0,137.2142857142857,0.0,0.0,0
0.09183673469387756,3,3,1,2,2,0,2,4,0,137.2142857142857,0.0,0.0,0
0.09183673469387756,3,3,1,2,2,0,2,3,1,137.2142857142857,0.0,0.0,0
0.09183673469387756,3,3,1,1,2,0,2,3,1,137.2142857142857,0.0,0.0,0
0.09183673469387756,3,3,0,2,1,0,2,3,3,137.2142857142857,0.0,2.99,1
0.09183673469387756,3,3,0,2,0,0,2,3,1,137.2142857142857,0.0,10.0,2
0.09183673469387756,3,3,0,0,2,0,2,4,0,137.2142857142857,0.0,6.49,2
0.09183673469387756,3,3,0,1,1,0,2,3,2,137.2142857142857,0.0,10.0,2
0.09183673469387756,3,3,1,1,2,0,2,3,1,137.2142857142857,0.0,0.0,0
0.09183673469387756,3,3,1,0,2,0,2,4,0,137.2142857142857,0.0,0.0,0
0.09183673469387756,3,3,2,1,1,0,2,4,0,137.2142857142857,0.0,6.46,2
0.09183673469387756,3,3,0,0,0,0,2,4,0,137.2142857142857,0.0,10.0,2
0.09183673469387756,3,3,0,0,2,0,2,4,0,137.2142857142857,0.0,0.0,0
0.09183673469387756,3,3,1,1,2,0,2,4,0,137.2142857142857,0.0,0.0,0
0.09183673469387756,3,3,0,1,2,0,2,4,0,137.2142857142857,0.0,0.0,0
0.09183673469387756,3,3,0,1,2,0,2,4,0,137.2142857142857,0.0,0.0,0
0.09183673469387756,3,3,1,0,2,0,2,4,0,137.2142857142857,0.0,0.0,0
0.09183673469387756,3,3,1,0,2,0,2,4,0,137.2142857142857,0.0,0.0,0
0.09183673469387756,3,3,0,0,2,2,2,4,0,137.2142857142857,0.0,6.04,2
0.09183673469387756,3,3,1,1,1,2,2,4,0,137.2142857142857,0.4444444444444444,10.0,2
0.09183673469387756,3,3,1,0,2,0,2,4,0,104.0,0.0,0.0,0
0.09183673469387756,3,3,1,0,2,0,2,4,0,137.2142857142857,0.0,0.0,0
0.09183673469387756,3,3,2,0,1,0,2,4,0,75.0,0.0,0.0,0
0.09183673469387756,3,3,2,0,1,0,2,4,0,137.2142857142857,0.0,0.0,0
0.09183673469387756,3,3,1,0,2,2,2,4,0,80.0,0.0,6.142063950132749,2
0.09183673469387756,3,3,2,0,2,1,2,4,0,65.0,0.0,0.0,0
0.09183673469387756,3,3,0,0,2,0,2,4,0,90.0,0.0,0.0,0
0.09183673469387756,3,3,2,0,2,0,2,4,0,61.0,0.0,0.0,0
0.09183673469387756,3,3,1,0,2,0,1,4,0,190.0,0.0,0.0,0
0.09183673469387756,3,3,1,0,2,1,1,4,0,98.0,0.0,0.0,0
0.09183673469387756,3,3,0,0,2,1,2,4,0,137.2142857142857,0.0,5.952233637308093,2
0.09183673469387756,3,3,1,0,2,1,2,4,0,48.0,0.0,5.739039593674248,2
0.09183673469387756,3,3,2,0,2,0,2,4,0,137.2142857142857,0.0,0.0,0
0.09183673469387756,3,3,2,0,2,0,2,4,0,137.2142857142857,0.0,0.0,0
0.09183673469387756,3,3,2,0,1,0,2,4,0,80.0,0.0,0.0,0
0.09183673469387756,3,3,1,0,2,1,2,4,0,57.0,0.0,5.9,2
0.09183673469387756,3,3,2,0,1,0,2,4,0,137.2142857142857,0.0,0.0,0
0.09183673469387756,3,3,2,0,2,0,2,3,0,137.2142857142857,0.0,0.0,0
0.09183673469387756,3,3,1,0,2,0,2,4,0,85.0,0.0,0.0,0
0.09183673469387756,3,3,0,0,2,0,2,4,0,88.0,0.0,0.0,0
0.09183673469387756,3,3,0,0,2,0,2,4,0,90.0,0.0,6.27,2
0.09183673469387756,3,3,2,0,2,0,2,3,1,137.2142857142857,0.0,0.0,0
