OF16,OF18,OF22,OF25,OF26,OF27,F1,F3_1,F3_2,F3_3,F3_4,F3_5,F3_6,F3_7,F6,F17,F18,F20,F21,F22,F23,F24,F28,F31,F33,F34,F36,F41,F42,F48,F49,F54,S5,NR,NR_Function,F44
4,0.66,1,0,4,1357,2,0,0,1,1,1,3,3,2,1,0,1,3,3,1,1,1,0,0,0,0,0,0,2,1,0,0.0,2.88,1,3
3,0.75,1,0,3,1337,2,1,0,1,5,1,1,1,3,2,1,1,3,2,0,3,1,4,0,0,0,0,0,2,0,0,0.0,2.12,0,4
4,0.73,0,0,3,1418,2,2,1,1,4,1,2,0,3,1,1,1,3,3,1,0,1,0,0,0,0,0,0,2,1,0,0.0,2.36,1,4
4,0.42,0,0,3,1340,2,2,0,0,3,0,3,2,2,2,1,2,2,3,1,1,1,0,0,0,0,1,0,2,0,0,0.0,3.17,1,3
4,0.66,1,0,3,1357,1,1,0,2,1,2,3,3,3,0,0,0,2,1,1,1,1,4,4,2,1,1,0,2,0,0,0.0,2.41,1,1
4,0.6,0,0,3,1418,3,1,0,1,0,1,2,4,2,0,0,1,2,3,1,0,1,0,0,0,0,1,0,2,0,0,0.0,2.94,1,1
4,0.55,0,0,2,1407,3,1,0,1,1,1,2,4,3,2,0,1,3,3,2,0,1,3,0,0,0,1,0,2,0,0,0.0,4.12,2,2
4,0.01,1,2,3,1426,3,0,0,0,0,0,3,4,3,1,1,1,3,2,2,1,1,4,0,0,0,0,0,2,0,0,0.0,4.04,1,2
4,0.71,0,0,3,1523,3,1,1,1,2,0,2,4,2,1,0,0,3,3,1,1,1,1,0,0,0,1,0,2,0,0,0.0,3.17,1,2
4,0.75,1,0,3,1363,2,5,0,5,0,1,1,1,2,0,1,1,3,1,0,4,0,4,0,0,0,0,0,2,0,0,0.0,10.0,0,0
2,0.45,1,0,3,1428,2,4,0,2,3,1,1,0,2,1,1,2,3,3,1,1,1,1,0,0,0,1,0,2,1,0,0.0,2.82,1,4
2,0.56,0,0,3,1345,2,3,0,2,2,1,2,2,2,1,2,2,0,3,1,1,1,1,3,2,0,1,0,2,0,0,0.0,3.27,1,3
2,0.5,1,0,3,1380,1,1,0,1,0,1,4,3,3,1,0,1,2,1,1,2,1,1,0,0,0,1,0,2,1,0,0.0,0.39,0,3
4,0.6,1,0,2,1380,0,1,0,1,0,1,2,3,3,0,0,0,2,1,0,4,0,4,0,0,0,0,0,2,0,0,0.0,10.0,2,0
3,0.77,2,2,3,1337,1,1,0,1,0,1,1,4,3,2,0,0,2,3,1,1,1,4,4,4,0,1,0,2,0,0,0.0,1.98,0,3
4,0.8,2,0,2,1363,0,1,0,2,0,2,2,3,1,0,0,0,2,1,0,3,1,4,0,0,0,0,0,2,0,0,0.0,10.0,2,0
3,0.4,1,3,3,1496,1,1,0,1,0,1,2,5,3,0,0,1,2,1,3,0,1,4,3,3,1,1,0,2,0,0,0.0,2.61,1,2
0,0.49,1,0,3,1421,0,2,0,2,0,3,3,2,0,0,0,0,2,1,0,4,0,4,0,0,0,0,0,2,0,0,0.0,-1.96,0,4
4,0.59,2,0,3,1437,0,2,0,2,0,2,4,2,2,0,0,1,2,1,0,4,0,4,0,0,0,0,0,2,0,0,0.0,10.0,0,0
4,0.77,2,3,3,1493,0,2,0,2,0,2,3,2,0,1,0,1,2,1,1,3,1,4,0,0,0,0,0,2,0,0,0.0,10.0,2,0
4,0.286,1,1,2,1881,2,1,1,0,4,1,2,3,3,2,0,0,2,2,3,0,1,4,3,2,2,1,0,1,0,0,0.0,3.54,1,3
4,0.42,2,3,3,1854,2,1,1,2,2,2,2,2,2,0,1,2,2,2,1,3,1,4,0,0,0,0,0,2,0,0,0.0,10.0,2,0
4,0.46,1,3,3,1730,2,2,1,1,3,0,2,3,1,1,0,1,2,2,3,0,1,4,2,1,1,1,0,2,0,0,0.0,4.9,2,4
3,0.7,2,3,3,1730,2,1,1,1,5,1,1,1,3,0,0,0,3,3,1,1,1,2,3,4,2,0,0,2,0,0,0.0,3.17,1,4
4,0.29,1,1,3,2078,2,1,1,1,1,1,2,4,2,2,0,1,4,1,3,0,1,3,2,2,1,1,0,2,0,0,0.0,3.23,1,2
2,0.01,1,1,3,1933,3,0,0,0,1,0,1,6,3,2,1,1,3,1,3,0,1,4,3,3,1,1,0,2,0,1,0.0,2.18,0,2
3,0.17,1,1,3,1933,3,0,0,0,2,0,2,4,3,0,1,1,2,1,4,0,1,4,3,1,1,1,0,1,0,0,0.0,3.14,1,2
4,0.48,1,3,1,1854,3,0,1,0,1,0,2,5,3,1,1,1,3,3,1,1,1,1,4,2,2,1,0,2,0,0,0.0,3.0,1,1
0,0.16,0,3,2,1865,3,0,0,0,0,0,2,4,3,1,0,1,4,3,2,0,1,3,4,4,1,1,0,2,0,0,0.0,2.25,1,1
3,0.23,1,3,3,1815,3,0,0,0,2,0,2,5,2,0,0,1,1,1,3,0,1,4,2,4,1,1,0,2,0,0,0.0,3.29,1,2
4,0.11,2,3,3,1954,3,0,0,0,1,0,2,5,3,0,0,1,3,3,1,0,1,3,0,0,0,1,0,2,0,0,0.0,3.86,1,2
3,0.52,2,3,3,1339,2,5,2,1,1,0,0,0,3,2,1,2,3,2,0,2,0,4,0,0,0,0,0,1,0,0,0.0,10.0,2,0
4,0.3,0,1,3,1608,2,6,1,1,0,0,0,0,3,0,0,1,3,1,1,4,1,0,0,0,0,1,0,0,1,0,0.0,1.59,0,3
4,0.54,2,1,3,1887,2,5,2,1,1,1,1,0,3,3,1,1,2,3,1,2,1,3,0,0,0,1,0,2,0,0,0.0,3.36,1,3
4,0.52,1,3,3,1985,2,4,3,1,1,1,1,0,2,2,1,1,0,2,1,2,1,1,0,0,0,1,1,2,1,0,0.0,2.0,0,3
4,0.82,2,3,3,1408,1,1,0,1,0,2,2,3,3,0,0,0,2,1,0,4,0,4,0,0,0,0,0,2,0,0,0.0,10.0,2,0
4,0.23,1,1,3,1624,1,2,1,0,1,0,3,4,2,1,1,2,3,2,2,1,1,4,0,0,0,0,0,2,0,1,0.0,10.0,2,2
4,0.16,2,3,3,2075,1,1,0,3,0,3,2,2,0,0,0,1,2,1,0,4,0,4,0,0,0,0,0,1,0,0,0.0,10.0,2,0
4,0.7,1,3,3,1579,3,1,1,1,1,0,3,3,3,2,0,1,3,2,2,0,2,4,3,2,2,0,0,2,0,0,0.0,3.48,1,1
2,0.51,2,3,3,1698,1,1,0,2,2,2,3,3,0,0,0,2,2,1,0,3,1,4,0,0,0,0,0,2,0,0,0.0,2.0,0,3
3,0.51,1,3,2,1624,1,0,0,0,0,0,4,2,3,2,0,0,2,1,2,1,1,4,2,0,1,0,0,2,0,0,0.0,2.549456257721821,1,3
4,0.76,2,3,3,1579,0,1,0,1,0,1,4,2,2,0,0,2,2,1,1,3,1,4,4,3,2,0,0,2,0,0,0.0,10.0,2,0
2,0.46,2,3,4,1859,1,1,0,1,0,1,2,5,3,0,0,1,2,1,3,0,1,4,2,4,1,1,0,2,0,1,0.0,2.744355814821626,1,2
2,0.53,2,3,4,1677,0,1,0,1,1,3,3,2,2,0,0,0,2,1,1,3,0,4,0,0,0,0,0,2,0,0,0.0,10.0,2,0
2,0.81,2,3,3,1464,0,1,0,1,0,2,3,2,3,0,0,0,2,1,0,4,0,4,0,0,0,0,0,0,0,0,0.0,10.0,2,0
1,0.59,1,3,3,1985,1,1,0,1,0,1,4,2,3,0,0,0,3,3,1,0,1,1,3,4,2,1,0,2,0,0,0.0,1.446186753416801,0,4
2,0.04,1,2,4,1799,2,1,1,0,4,0,2,2,3,1,0,1,3,1,2,3,0,0,0,0,0,1,0,2,1,0,0.0,0.65,0,3
1,0.079,0,1,0,1666,2,2,0,1,5,0,1,1,2,3,0,2,3,2,2,2,1,0,0,2,0,1,0,2,2,5,0.3333333333333333,0.96,0,4
3,0.16,0,3,2,1632,2,1,1,0,5,0,1,2,2,1,2,2,2,3,1,1,1,0,0,0,0,1,0,1,1,0,0.0,2.784675320416935,1,3
3,0.01,0,3,3,1516,2,0,0,0,4,0,2,2,3,1,0,1,2,3,1,0,3,2,0,0,0,1,0,2,0,0,0.0,2.424686608168594,1,4
4,0.41,0,3,3,1348,2,0,0,0,4,0,2,2,3,1,0,0,3,2,1,0,2,0,0,0,0,1,0,1,0,0,0.0,2.146083939779544,0,3
3,0.42,1,1,3,1677,3,0,0,1,1,1,2,4,2,0,0,1,2,0,1,2,1,1,0,0,0,1,0,2,0,0,0.0,1.18,0,1
0,0.72,2,3,3,1455,1,1,0,1,0,1,1,4,3,0,0,0,2,3,2,0,1,4,4,3,2,1,0,1,0,0,0.0,2.386902455481337,1,0
3,0.31,1,3,3,1609,3,1,0,1,1,1,1,5,0,0,0,1,2,2,3,0,1,4,3,3,1,1,0,1,0,0,0.0,3.731104936086877,1,2
4,0.09,0,3,3,1516,3,0,0,0,0,0,2,5,3,0,0,0,2,1,3,0,1,3,2,3,0,1,0,2,0,0,0.0,2.817138574651931,1,2
4,0.57,1,3,4,1329,3,0,0,0,2,0,2,5,2,1,0,1,2,3,1,0,1,0,0,0,0,0,0,1,1,0,0.0,3.13317542991532,1,1
4,0.54,1,1,3,1486,2,4,0,2,2,1,1,1,2,0,1,2,3,2,2,1,1,4,0,0,0,1,0,1,0,0,0.0,3.538703760108813,1,4
4,0.39,1,2,3,1538,2,2,3,0,2,0,0,0,3,0,1,1,4,1,0,5,0,0,0,0,0,0,0,0,1,0,0.0,1.620797139584754,0,3
4,0.43,1,3,3,1342,2,5,2,1,1,1,1,0,2,3,1,1,2,3,1,2,1,1,0,0,0,1,1,2,1,0,0.0,1.578636405266818,0,4
1,0.0787,0,3,5,1670,1,2,0,4,0,0,3,2,1,0,0,2,2,0,0,5,0,0,0,0,0,0,0,2,1,5,0.0,10.0,2,0
1,0.1969,1,2,3,1697,1,1,0,0,1,0,4,3,3,2,0,2,1,1,3,2,0,2,4,3,2,1,0,2,0,0,0.0,1.3,0,3
4,0.77,2,3,3,1512,1,0,0,0,0,1,1,5,3,0,0,0,2,2,2,1,1,4,5,2,0,0,0,2,0,1,0.0,10.0,2,0
0,0.58,3,3,3,1551,0,2,0,3,0,3,1,2,0,0,0,1,2,1,0,4,0,4,0,0,0,0,0,2,0,0,0.0,10.0,2,0
0,0.58,2,3,3,1551,0,1,0,1,0,3,0,3,3,0,0,1,2,1,0,4,0,4,0,0,0,0,0,2,0,0,0.0,10.0,2,0
3,0.47,2,3,3,1692,0,1,0,1,0,2,1,4,0,0,0,0,2,0,0,5,0,0,0,0,0,0,0,2,0,0,0.0,10.0,2,0
3,0.45,3,0,3,1358,0,1,0,2,0,2,2,4,2,0,0,0,2,1,0,4,0,4,0,0,0,0,0,2,0,0,0.0,10.0,2,0
1,0.001,1,2,5,1945,2,0,0,0,5,0,2,1,2,3,0,2,2,1,3,2,0,3,0,0,0,0,0,2,0,0,0.0,2.17,0,3
4,0.06,1,2,3,1950,2,2,1,1,4,1,2,0,0,1,0,1,1,0,1,4,1,2,0,0,0,0,0,0,0,0,0.4166666666666667,2.006011515932103,0,0
4,0.096,0,3,5,2092,0,0,0,0,1,2,3,3,2,0,0,0,2,0,0,5,0,0,0,0,0,0,0,2,0,0,0.0,10.0,2,0
4,0.08,0,2,3,2254,2,3,0,3,0,2,0,2,2,3,2,2,2,1,1,3,0,2,0,0,0,0,0,0,1,0,0.4166666666666667,0.9810330611553465,0,4
4,0.07,1,1,3,2272,2,0,2,0,4,0,2,2,0,3,0,2,0,1,3,4,1,0,0,0,0,1,0,0,0,0,0.3333333333333333,3.428555185885706,1,0
4,0.01,1,1,3,2241,2,0,0,0,2,0,4,3,0,1,0,0,1,0,1,4,1,0,0,0,0,0,0,2,1,0,0.4166666666666667,0.07719848855891819,0,0
4,0.19,1,2,3,2065,2,0,0,0,3,0,2,4,0,1,0,1,3,1,1,4,1,0,0,0,0,1,0,2,0,0,0.0,2.565028976702409,1,0
4,0.03,1,1,3,1893,3,0,0,0,2,1,2,4,0,0,0,0,1,1,3,2,1,3,3,1,1,1,0,0,1,0,0.5,2.189940075290342,0,1
4,0.24,1,3,3,1955,2,2,0,2,2,1,3,2,0,0,0,1,2,1,2,3,1,1,0,0,0,0,0,0,0,0,0.0,2.498158157442558,1,0
4,0.13,0,2,3,2314,3,0,0,0,0,0,2,5,3,0,0,0,2,0,3,1,1,3,0,0,0,1,0,0,0,0,0.5,2.921918136454289,1,1
2,0.56,0,2,2,2254,3,0,0,0,0,1,2,5,2,0,0,0,1,0,3,1,1,3,3,3,2,1,0,2,0,0,0.4166666666666667,1.870019156612679,0,2
4,0.19,1,2,2,2118,3,0,0,0,1,0,1,6,3,0,0,1,3,3,1,1,0,0,0,0,0,0,0,2,0,0,0.0,2.478023727786216,1,1
4,0.04,1,3,2,1950,2,4,0,2,0,1,0,3,0,1,0,2,2,1,0,4,0,3,0,0,0,0,0,0,0,0,0.0,1.382022977963089,0,4
0,0.1,2,1,5,1945,2,0,0,5,0,2,1,1,2,3,0,1,2,0,1,4,0,3,0,0,0,0,0,2,0,0,0.0,-0.29,0,3
1,0.025,2,2,0,2017,2,5,0,2,0,0,1,0,2,0,0,2,3,0,1,4,0,0,0,0,0,0,0,2,1,0,0.3333333333333333,-0.68,0,3
4,0.14,1,1,5,2236,2,3,2,2,2,2,2,2,1,0,0,1,2,1,1,3,0,2,0,0,0,0,0,0,0,0,0.0,0.832566522426146,0,0
4,0.54,0,3,2,2272,2,3,2,2,2,2,1,2,0,0,1,2,0,0,0,5,0,0,0,0,0,0,0,0,0,0,0.3333333333333333,3.51718709210715,1,2
4,0.37,1,2,3,1971,2,2,0,2,0,2,0,3,0,0,0,1,2,1,1,3,0,4,0,0,0,0,0,0,0,0,0.0,10.0,2,0
4,2146.0,1,2,3,2146,2,0,0,0,4,0,2,2,0,1,0,1,1,2,2,3,1,1,0,0,0,1,0,1,1,0,0.0,1.570516742590589,0,0
4,0.25,1,2,5,2141,2,2,0,4,1,3,2,1,0,0,0,2,3,1,1,3,0,4,1,0,0,0,0,2,0,0,0.0,3.129860630717715,1,4
1,0.212,2,3,5,2039,1,1,0,3,0,2,4,1,0,0,0,2,2,0,0,5,0,0,0,0,0,0,0,2,1,0,0.0,10.0,2,0
3,0.12,0,2,5,2092,0,0,0,2,0,2,3,2,2,0,0,0,2,0,0,5,0,0,0,0,0,0,0,0,0,0,0.0,10.0,2,0
0,0.03,0,2,5,2026,1,1,0,2,0,2,0,5,3,2,1,2,2,2,1,4,0,0,0,4,0,0,0,2,0,0,0.0,0.75,0,2
4,0.26,1,3,5,2314,0,0,0,1,0,2,2,2,3,0,0,0,2,0,1,4,0,4,0,0,0,0,0,2,0,0,0.0,10.0,2,0
1,0.27,2,2,3,2140,0,2,0,0,3,2,4,1,2,0,0,2,2,0,1,4,1,4,0,0,0,0,0,2,0,0,0.0,1.363855143460955,0,3
1,0.25,1,3,5,2141,1,0,0,3,0,3,2,3,1,0,1,2,2,0,3,1,0,4,4,2,0,0,0,2,0,0,0.0,2.071467784518323,0,0
4,0.2,1,1,2,1971,1,0,0,0,1,0,2,0,3,0,0,1,2,1,0,3,0,0,0,0,0,0,0,2,0,0,0.5,0.6774855791865263,0,1
4,0.13,1,3,5,1903,0,0,0,1,0,3,4,1,0,0,0,0,2,1,0,5,0,0,0,0,0,0,0,2,0,0,0.0,10.0,2,0
4,0.22,0,3,5,2192,0,0,0,0,0,2,3,3,2,0,0,0,2,0,0,5,0,0,0,0,0,0,0,2,0,0,0.0,10.0,2,0
0,0.005,1,3,5,2039,0,1,0,2,0,2,3,2,1,0,0,2,2,0,0,5,0,0,0,0,0,0,0,2,0,0,0.0,10.0,2,0
4,0.03,2,1,5,2181,0,0,0,2,0,2,4,2,0,0,0,2,2,0,0,5,0,0,0,0,0,0,0,2,0,0,0.0,10.0,2,0
3,0.12,1,3,5,2181,0,2,0,3,0,2,3,1,0,0,0,0,2,0,0,5,0,0,0,0,0,0,0,2,0,0,0.3333333333333333,10.0,2,0
0,0.146,0,3,5,2139,0,1,0,3,0,4,0,5,2,0,0,2,2,0,0,5,0,0,0,0,0,0,0,2,0,0,0.0,10.0,2,0
4,0.38,0,3,5,2039,0,0,0,2,1,3,3,1,2,0,0,2,2,0,0,5,0,0,0,0,0,0,0,2,0,0,0.0,10.0,2,0
1,0.061,2,3,5,2038,0,3,0,2,0,2,3,0,1,0,0,1,3,0,1,5,0,0,0,0,0,0,0,2,0,0,0.0,10.0,2,0
4,0.22,1,3,3,2272,3,0,0,0,0,2,0,5,3,1,0,0,1,0,3,2,1,4,4,1,2,0,0,0,1,0,0.4166666666666667,1.144884927619434,0,0
1,0.28,1,3,3,1974,2,3,0,0,4,0,0,0,3,3,0,2,3,2,2,3,2,0,0,0,0,1,0,2,1,5,0.0,1.67,0,3
2,0.1837,1,3,3,1865,3,1,1,0,2,0,2,4,1,2,0,2,2,2,3,1,1,2,3,4,0,0,0,2,0,5,0.0,3.44,1,2
1,0.004,1,2,3,2034,3,0,0,0,2,0,1,5,0,2,0,2,1,2,3,1,1,2,3,1,0,1,0,2,1,5,0.0,2.88,1,2
2,0.38,1,1,3,1904,3,0,0,0,1,0,0,5,3,1,0,2,2,1,3,1,1,3,2,1,0,1,0,2,1,5,0.0,2.16,0,2
4,0.67,2,3,1,1706,2,0,1,0,3,0,2,3,0,0,0,0,1,4,1,0,1,4,0,0,0,1,0,2,0,0,0.0,3.531245082067082,1,2
1,0.469,2,2,4,2083,2,0,0,0,5,0,1,0,2,3,0,2,2,2,3,1,0,2,0,0,0,0,0,2,1,0,0.0,2.18,0,3
3,0.3122,1,2,3,1846,3,0,0,0,0,0,4,4,3,0,0,2,2,2,3,1,2,3,3,3,2,1,0,2,1,5,0.0,3.13,1,1
1,0.49,1,1,3,1846,3,0,0,1,3,0,1,5,2,1,1,2,2,1,2,1,1,3,4,2,2,1,1,2,0,5,0.0,2.0,0,2
2,0.05,1,1,3,2041,2,1,0,0,3,0,4,3,3,3,0,2,2,2,3,1,0,2,3,2,1,1,0,2,0,0,0.0,1.65,0,0
1,0.156,1,2,1,1947,2,5,0,2,0,0,0,0,3,1,0,2,3,1,1,4,0,4,0,0,0,0,0,2,1,5,0.0,10.0,2,0
3,0.603,1,2,5,2077,3,1,1,0,2,0,1,4,3,0,0,2,1,2,3,0,1,3,1,0,0,0,0,2,1,0,0.0,3.56,1,2
1,0.005,1,2,2,2024,2,0,4,0,2,0,1,1,3,3,0,1,0,2,1,3,3,2,2,4,0,1,0,2,1,5,0.0,10.0,2,0
0,0.38,0,1,3,1833,3,0,0,2,1,0,1,5,2,0,1,2,3,1,4,1,0,4,4,2,0,0,0,2,0,1,0.0,1.874014641848722,0,4
1,0.528,1,3,4,1835,1,3,0,3,0,0,2,2,0,2,0,2,2,2,2,3,2,3,0,0,0,1,0,2,1,5,0.3333333333333333,1.31,0,3
4,0.17,2,2,3,1911,0,2,0,2,0,2,3,2,0,0,0,1,2,0,0,4,0,4,0,0,0,0,0,2,0,5,0.0,10.0,2,0
0,0.907,1,2,4,1669,1,3,0,1,0,0,4,0,0,1,0,2,2,0,1,4,0,0,0,0,0,1,0,2,1,0,0.0,0.27,0,3
0,0.03,0,2,5,2026,0,1,0,2,1,2,4,1,2,0,0,2,2,0,1,4,0,4,0,0,0,0,0,2,0,0,0.0,10.0,2,0
0,0.47,0,2,5,2008,1,0,0,3,0,1,4,1,2,0,0,2,2,0,2,2,0,4,0,0,0,0,0,2,0,0,0.0,2.37,1,3
0,0.28,2,3,5,1824,0,1,0,3,0,0,4,2,0,0,0,2,2,0,1,5,0,0,0,0,0,0,0,2,0,5,0.0,10.0,2,0
3,0.322,0,2,3,1991,3,1,1,0,2,0,0,5,0,0,0,1,2,2,3,1,1,2,2,3,1,1,0,2,0,0,0.0,3.56,1,1
4,0.34,1,0,3,2011,3,0,0,0,0,0,0,6,3,3,1,0,4,2,2,1,1,4,0,0,0,0,0,2,0,4,0.0,2.484253220548712,1,1
1,0.3008,2,1,3,1936,3,1,0,0,2,0,2,5,3,1,1,2,3,2,2,3,1,3,4,3,0,1,1,2,0,0,0.0,2.52,1,0
0,0.07,2,1,3,2188,2,1,2,0,5,0,2,2,2,2,0,2,0,3,1,1,1,4,4,4,2,1,0,2,0,0,0.0,2.68,1,2
1,0.51,1,2,3,1657,2,0,0,0,4,0,2,3,2,3,0,0,2,1,2,3,1,0,0,0,0,1,1,2,0,0,0.0,0.86,0,1
3,0.26,0,3,3,2003,2,1,1,0,5,0,1,0,3,1,2,1,0,3,1,1,1,4,0,0,0,1,0,2,0,0,0.0,3.782522561593126,1,3
4,0.01,1,3,3,2194,2,1,1,1,4,1,1,1,2,2,1,2,2,3,2,1,1,3,0,0,0,1,0,2,0,0,0.0,3.340599306244696,1,4
1,0.08,1,2,2,1757,2,0,0,0,4,0,2,3,2,3,0,2,1,1,1,4,0,0,0,0,0,1,1,2,0,0,0.0,0.75,0,2
0,0.0202,2,0,3,1883,2,2,2,0,3,0,2,0,1,2,1,2,1,3,1,2,2,0,0,0,0,0,0,2,1,0,0.0,2.21,0,3
4,0.86,2,2,3,1911,2,4,2,2,2,1,1,1,2,1,1,2,1,2,0,3,0,4,0,0,0,0,0,2,0,0,0.0,10.0,2,0
4,0.1,2,3,3,2217,2,3,2,2,3,1,1,1,2,1,1,2,2,3,1,1,0,4,0,0,0,0,0,2,0,0,0.0,10.0,2,0
2,0.3181,1,1,3,1853,1,1,1,0,3,0,4,2,1,0,0,2,2,1,3,1,0,1,2,4,0,0,0,2,0,0,0.0,3.11,1,1
4,0.4,1,1,3,1916,3,1,0,1,0,1,1,5,3,1,1,1,0,2,3,1,1,4,2,1,0,0,0,2,0,1,0.0,10.0,2,0
2,0.1345,0,2,3,2009,3,1,1,1,2,0,2,3,3,1,1,1,1,2,2,1,1,4,4,2,2,1,0,2,0,0,0.0,2.845198868984051,1,1
4,0.1,1,3,3,2194,3,0,0,0,1,0,1,6,3,1,0,0,1,3,1,0,1,4,4,2,1,1,0,2,0,4,0.0,2.689160989557429,1,2
4,0.01,0,3,3,2224,3,0,0,0,0,0,1,6,3,0,0,0,2,3,1,1,1,1,2,2,1,0,0,2,0,0,0.0,2.785708504582421,1,0
0,0.82,3,1,5,2183,0,1,0,2,0,3,2,2,1,0,0,0,2,0,0,5,0,0,0,0,0,0,0,2,0,0,0.0,10.0,2,0
1,0.17204,1,0,5,1801,1,2,0,2,0,1,3,2,3,0,0,2,2,0,0,5,0,0,0,0,0,0,0,2,0,0,0.0,10.0,2,0
0,0.29,1,3,5,1735,1,0,0,0,2,0,4,3,2,0,0,1,1,1,1,5,0,0,0,0,0,0,0,2,0,0,0.0,3.35,1,0
4,0.47,2,2,3,1890,1,1,0,1,0,1,4,3,3,0,0,0,3,3,1,1,1,4,3,1,1,0,0,2,0,0,0.0,3.108100455389207,1,4
1,0.83,2,3,3,2043,1,2,1,2,2,2,3,2,0,0,0,1,3,2,2,1,1,2,0,0,0,0,0,2,0,0,0.0,2.883196014612875,1,4
2,0.111,0,2,3,1864,1,1,0,0,0,0,2,5,2,0,0,0,3,2,1,2,1,4,0,0,0,0,0,2,0,1,0.0,10.0,2,0
1,0.006,0,0,5,2146,0,0,0,0,0,1,5,2,3,0,0,2,2,0,1,4,0,4,0,0,0,0,0,2,0,0,0.0,10.0,2,0
0,0.378,3,3,5,2175,0,1,0,2,0,3,0,2,2,0,1,0,2,0,0,5,0,0,0,0,0,0,0,2,0,0,0.0,10.0,2,0
0,0.9,0,1,5,2169,0,1,0,2,0,2,5,2,2,0,0,0,2,0,0,5,0,0,0,0,0,0,0,2,0,0,0.0,10.0,2,0
4,0.76,2,3,3,1973,0,0,0,1,0,2,4,2,3,0,0,0,2,2,0,3,0,4,0,0,0,0,0,2,0,0,0.0,10.0,2,0
3,0.36,2,3,3,2166,0,1,0,2,2,3,3,3,0,0,0,0,2,0,0,5,0,0,0,0,0,0,0,2,0,0,0.0,10.0,2,0
1,0.47,3,3,3,2079,0,1,0,1,0,2,2,3,3,0,0,0,2,1,0,4,0,4,0,0,0,0,0,2,0,0,0.0,10.0,2,0
4,0.3,2,3,3,2283,0,1,0,1,0,2,3,3,2,0,0,0,2,1,0,4,0,0,0,4,0,0,0,2,0,0,0.0,10.0,2,0
2,0.252,1,1,3,2147,3,0,0,0,2,0,1,5,3,0,0,2,3,1,3,1,1,3,4,2,0,1,0,2,1,0,0.0,1.89,0,2
0,0.25,1,3,2,2232,1,0,0,0,1,0,3,4,2,0,0,2,2,1,2,2,0,4,2,3,1,0,0,2,0,0,0.0,2.06,0,1
1,0.279,0,2,1,2073,3,0,0,0,2,0,0,5,3,0,0,2,1,1,3,1,1,3,3,1,2,1,0,2,1,5,0.5,1.97,0,2
1,0.016,0,2,1,2062,3,0,0,0,2,0,2,5,2,4,0,2,2,1,3,0,0,2,2,2,0,1,0,2,1,0,0.0,1.28,0,2
3,0.03,1,2,3,2082,3,0,0,0,0,0,1,1,1,0,0,0,1,1,3,3,1,4,3,2,1,1,0,2,0,0,0.5833333333333334,1.55857338686897,0,0
4,0.00085,0,2,3,1970,3,0,3,0,0,0,2,4,3,3,0,2,1,2,3,2,2,0,0,0,0,1,0,2,2,5,0.0,2.77,1,1
2,0.086,0,2,1,2207,2,6,0,0,0,1,1,0,2,3,0,2,1,1,2,4,0,2,0,0,0,1,0,2,1,0,0.0,0.26,0,3
1,0.75,0,2,3,2202,2,5,0,2,0,2,0,0,2,2,0,2,2,1,2,3,1,4,0,0,0,0,0,2,1,1,0.0,1.74,0,4
3,0.1,1,3,3,2065,2,3,0,0,1,0,4,0,3,3,2,1,0,1,1,3,0,0,0,0,0,1,0,2,2,0,0.0,0.25,0,3
4,0.2,1,3,5,2082,0,2,0,2,2,0,3,1,0,0,0,2,2,0,0,5,0,0,0,0,0,0,0,2,0,0,0.4166666666666667,10.0,2,0
1,0.634,0,3,5,2032,2,3,0,4,0,0,2,0,2,0,0,2,2,0,0,5,0,0,0,0,0,0,0,2,1,5,0.0,10.0,2,0
1,0.0356,1,3,5,2180,1,0,0,3,0,1,4,0,0,0,0,2,2,0,1,4,0,4,0,0,0,0,0,2,1,5,0.5,-0.05,0,3
0,0.166,0,3,5,2111,1,0,0,3,0,0,4,2,0,0,0,2,2,0,0,5,0,0,0,0,0,0,0,2,1,5,0.0,10.0,2,0
0,0.308,1,1,3,2079,1,2,0,4,0,2,3,1,2,0,0,2,2,1,2,3,0,3,0,0,0,1,0,2,1,5,0.0,0.18,0,3
1,0.44,0,3,5,1943,1,0,0,2,0,1,4,3,3,0,0,2,2,0,0,5,0,0,0,0,0,0,0,2,1,5,0.6666666666666666,10.0,2,0
1,0.2115,0,2,0,1888,1,1,0,3,0,2,4,1,0,0,0,2,2,0,0,5,0,0,0,0,0,0,0,2,1,5,0.0,10.0,2,0
0,0.127,2,3,5,2232,1,1,0,4,0,0,3,0,0,0,0,2,2,0,2,3,0,4,0,0,0,0,0,2,1,5,0.0,0.67,0,4
0,0.106,2,3,5,2232,1,0,0,3,2,0,3,1,0,0,0,2,2,0,3,1,1,3,0,0,0,0,0,2,1,5,0.0,1.91,0,4
1,0.49,1,3,5,2217,0,2,0,2,0,3,4,0,2,0,0,0,2,0,0,5,0,0,0,0,0,0,0,2,0,0,0.0,10.0,2,0
0,0.865,1,3,5,2099,0,4,0,2,0,2,3,1,1,0,0,2,2,0,0,5,0,0,0,0,0,0,0,2,0,5,0.0,10.0,2,0
0,0.29,1,0,5,1987,0,1,0,4,0,3,3,1,0,0,0,2,2,0,1,5,0,0,0,0,0,0,0,2,0,5,0.0,10.0,2,0
1,0.5,1,2,1,2221,1,2,2,0,4,0,2,1,2,1,0,2,3,2,3,1,0,2,0,0,0,0,0,2,1,5,0.4166666666666667,1.29,0,4
4,0.412,0,1,3,2062,2,0,0,0,5,0,0,3,2,3,1,2,1,2,2,3,1,0,0,0,0,0,0,2,1,5,0.4166666666666667,2.0,0,3
1,0.08,0,2,3,2062,2,0,1,0,4,0,2,1,2,2,0,1,0,2,1,3,2,0,0,0,0,1,0,2,1,0,0.3333333333333333,0.87,0,3
3,0.005,0,3,3,2109,2,0,1,0,4,0,2,3,2,3,0,2,1,2,3,1,1,0,0,0,0,1,0,2,1,5,0.0,2.33,1,4
4,0.279,0,2,3,1947,2,0,2,0,5,0,0,0,2,3,1,2,1,2,2,2,2,0,0,0,0,1,0,2,1,5,0.0,2.93,1,4
0,0.36,1,2,5,2228,1,5,1,0,0,0,0,2,2,0,0,0,2,0,0,5,0,0,0,0,0,0,0,2,0,0,0.0,1.71,0,4
0,0.25,1,3,5,2038,2,0,0,0,1,0,5,2,2,0,0,1,1,1,0,4,0,4,0,0,0,0,0,2,0,0,0.0,1.04,0,1
0,0.37,2,1,3,2122,2,2,1,1,5,0,2,2,2,1,0,1,1,1,1,4,2,0,0,0,0,1,0,2,0,0,0.0,1.18,0,3
3,0.26,0,2,2,1767,2,4,0,2,2,1,2,2,2,3,0,0,0,0,1,4,1,0,0,4,0,1,0,2,1,0,0.0,-0.15,0,3
1,0.3,0,2,3,2026,2,2,2,1,3,0,3,1,3,3,0,0,1,1,1,4,0,3,0,0,0,0,0,2,0,0,0.0,0.7,0,3
4,0.6162,1,3,5,2029,0,1,0,3,1,1,3,2,0,0,0,2,2,0,1,3,0,1,0,0,0,0,0,2,1,0,0.0,10.0,2,0
0,0.005,0,2,5,2169,3,0,0,0,0,0,0,6,2,0,0,2,2,3,3,0,2,1,2,3,1,0,0,2,1,0,0.6666666666666666,2.59,1,2
2,0.01,0,2,3,1987,2,0,3,0,3,0,1,2,2,2,0,2,0,3,1,4,2,1,0,0,0,0,0,2,1,0,0.0,1.59,0,3
0,0.0129,1,3,5,2080,2,0,4,0,2,0,2,1,2,3,0,2,4,3,0,5,0,0,0,0,0,0,0,2,0,0,0.0,10.0,2,0
0,0.16,1,2,5,1968,2,4,0,2,0,0,3,1,0,1,0,2,2,1,2,3,0,0,0,0,0,0,0,2,1,0,0.0,1.65,0,4
3,0.52,0,1,4,1846,1,1,0,2,0,0,4,3,3,1,0,2,2,1,2,3,0,2,4,3,2,1,0,2,1,5,0.0,0.1,0,1
2,0.038,1,3,4,1670,3,0,0,0,0,0,4,4,3,0,0,2,2,2,3,1,1,3,3,2,0,1,0,2,1,5,0.0,2.32,1,1
2,0.72,1,3,3,1329,2,1,0,1,0,1,0,0,3,2,1,1,2,1,1,4,0,4,0,0,0,0,0,2,0,0,0.0,10.0,2,0
0,0.72,1,3,3,1329,0,2,0,2,0,2,3,1,0,0,0,1,2,1,0,4,0,4,0,0,0,0,0,2,0,0,0.0,10.0,2,0
3,0.41,2,3,3,1342,2,5,0,1,0,1,1,0,2,0,1,1,3,0,0,4,0,4,0,0,0,0,0,2,0,0,0.0,10.0,2,0
3,0.41,2,3,3,1342,0,3,0,3,0,3,2,1,0,0,0,0,2,0,0,4,0,4,0,0,0,0,0,2,0,0,0.0,10.0,2,0
4,0.07,1,1,3,1426,3,1,0,0,1,0,3,3,3,3,0,1,2,3,2,0,2,3,3,4,1,1,0,2,0,0,0.0,3.792245634930882,1,2
4,0.76,2,3,3,1363,0,0,0,1,0,3,3,2,3,0,0,0,2,1,1,4,0,4,4,4,2,0,0,2,0,0,0.0,10.0,2,0
4,0.24,0,3,1,1907,2,1,1,0,4,0,2,1,2,1,0,1,1,3,2,0,1,0,0,0,0,0,0,2,1,0,0.0,2.881588501602455,1,3
2,0.24,2,3,3,1907,1,2,0,3,0,2,2,3,0,0,0,0,2,2,1,2,0,4,0,0,0,0,0,2,0,1,0.0,10.0,2,0
4,0.56,1,2,3,1479,2,5,2,2,2,1,1,0,3,1,1,2,2,1,1,4,0,3,0,0,0,0,0,1,0,0,0.0,2.860476598691509,1,4
4,0.08,1,2,3,1523,1,1,0,0,0,0,3,4,3,0,1,0,2,2,3,1,1,4,3,2,1,0,0,1,0,0,0.0,3.157519072120372,1,4
4,0.62,0,3,3,1523,2,1,0,1,1,0,4,2,0,1,1,1,3,3,2,0,1,1,2,2,1,1,0,2,0,0,0.0,4.308938503776877,2,3
3,0.53,1,3,4,1909,3,0,0,1,1,1,1,5,3,0,0,1,4,1,3,0,1,2,2,3,1,1,0,2,0,0,0.0,2.42215783927728,1,2
3,0.6,2,3,3,2195,2,4,1,2,2,1,2,0,3,0,0,0,2,1,0,4,0,4,0,0,0,0,0,2,0,0,0.0,10.0,2,0
3,0.6,2,3,3,2195,0,1,0,2,0,2,2,2,2,0,0,0,2,0,0,5,0,0,0,0,0,0,0,2,0,0,0.0,10.0,2,0
4,0.39,2,3,3,2009,0,0,0,3,0,1,4,0,0,2,0,0,2,1,1,4,0,4,0,0,0,0,0,2,0,0,0.0,10.0,2,0
3,0.35,1,1,3,2166,2,0,1,1,2,1,4,2,2,1,1,1,1,3,1,1,1,2,3,3,1,1,0,2,0,0,0.0,3.86,1,4
1,0.31,2,3,3,2241,0,1,0,2,0,3,4,1,2,0,0,0,2,1,0,5,0,0,0,0,0,0,0,2,0,0,0.5833333333333334,10.0,2,0
2,0.15,2,3,3,2241,0,2,0,2,1,2,4,1,0,0,0,0,3,1,1,4,0,4,0,0,0,0,0,2,0,0,0.0,10.0,2,0
3,0.12,1,3,3,2341,2,0,3,0,3,0,3,0,3,0,0,1,4,3,0,1,1,4,0,0,0,0,0,2,0,0,0.0,10.0,0,0
4,0.18,0,3,3,2341,2,4,2,1,1,1,2,0,3,0,0,1,3,1,1,3,1,4,0,0,0,0,0,2,0,0,0.0,10.0,2,0
4,0.26,0,3,1,2292,2,1,1,0,5,0,1,0,3,2,0,1,1,3,1,0,1,0,0,0,0,1,0,2,0,0,0.0,3.33,1,3
4,0.16,2,3,3,2075,2,5,0,2,0,0,0,0,3,3,0,1,2,0,0,5,0,0,0,0,0,0,0,2,0,0,0.0,10.0,2,0
