OF22,OF25,OF26,F3_1,F3_2,F3_3,F3_4,F3_5,F3_6,F3_7,F20,F21,F22,F28,F31,F41,F42,F44,F48,F49,WS,WS_Function
1,0,4,0,0,1,1,1,3,3,1,3,3,1,0,0,0,1,2,1,2.3,0
1,0,3,1,0,1,5,1,1,1,1,3,2,1,4,0,0,1,2,0,5.86,1
0,0,3,2,1,1,4,1,2,0,1,3,3,1,0,0,0,1,2,1,2.14,0
0,0,3,2,0,0,3,0,3,2,2,2,3,1,0,1,0,1,2,0,2.19,0
1,0,3,1,0,2,1,2,3,3,0,2,1,1,4,1,0,0,2,0,4.33,1
0,0,3,1,0,1,0,1,2,4,1,2,3,1,0,1,0,1,2,0,2.06,0
0,0,2,1,0,1,1,1,2,4,1,3,3,1,3,1,0,0,2,0,5.11,1
1,2,3,0,0,0,0,0,3,4,1,3,2,1,4,0,0,0,2,0,4.91,1
0,0,3,1,1,1,2,0,2,4,0,3,3,1,1,1,0,0,2,0,5.03,1
1,0,3,5,0,5,0,1,1,1,1,3,1,0,4,0,0,0,2,0,6.35,1
1,0,3,4,0,2,3,1,1,0,2,3,3,1,1,1,0,0,2,1,5.26,1
0,0,3,3,0,2,2,1,2,2,2,0,3,1,1,1,0,1,2,0,2.48,0
1,0,3,1,0,1,0,1,4,3,1,2,1,1,1,1,0,1,2,1,4.88,1
1,0,2,1,0,1,0,1,2,3,0,2,1,0,4,0,0,0,2,0,6.27,1
2,2,3,1,0,1,0,1,1,4,0,2,3,1,4,1,0,1,2,0,2.94,1
2,0,2,1,0,2,0,2,2,3,0,2,1,1,4,0,0,0,2,0,6.85,2
1,3,3,1,0,1,0,1,2,5,1,2,1,1,4,1,0,0,2,0,1.71,0
1,0,3,2,0,2,0,3,3,2,0,2,1,0,4,0,0,2,2,0,1.15,0
2,0,3,2,0,2,0,2,4,2,1,2,1,0,4,0,0,0,2,0,6.55,2
2,3,3,2,0,2,0,2,3,2,1,2,1,1,4,0,0,0,2,0,6.93,2
1,1,2,1,1,0,4,1,2,3,0,2,2,1,4,1,0,0,1,0,4.54,1
2,3,3,1,1,2,2,2,2,2,2,2,2,1,4,0,0,0,2,0,7.46,2
1,3,3,2,1,1,3,0,2,3,1,2,2,1,4,1,0,0,2,0,5.08,1
2,3,3,1,1,1,5,1,1,1,0,3,3,1,2,0,0,0,2,0,3.01,1
1,1,3,1,1,1,1,1,2,4,1,4,1,1,3,1,0,0,2,0,1.93,0
1,1,3,0,0,0,1,0,1,6,1,3,1,1,4,1,0,0,2,0,1.71,0
1,1,3,0,0,0,2,0,2,4,1,2,1,1,4,1,0,0,1,0,3.98,1
1,3,1,0,1,0,1,0,2,5,1,3,3,1,1,1,0,0,2,0,2.4,0
0,3,2,0,0,0,0,0,2,4,1,4,3,1,3,1,0,0,2,0,2.7,1
1,3,3,0,0,0,2,0,2,5,1,1,1,1,4,1,0,0,2,0,1.41,0
2,3,3,0,0,0,1,0,2,5,1,3,3,1,3,1,0,0,2,0,5.57,1
2,3,3,5,2,1,1,0,0,0,2,3,2,0,4,0,0,0,1,0,6.68,2
0,1,3,6,1,1,0,0,0,0,1,3,1,1,0,1,0,0,0,1,0.51,0
2,1,3,5,2,1,1,1,1,0,1,2,3,1,3,1,0,1,2,0,5.54,1
1,3,3,4,3,1,1,1,1,0,1,0,2,1,1,1,1,1,2,1,4.67,1
2,3,3,1,0,1,0,2,2,3,0,2,1,0,4,0,0,0,2,0,6.55,2
1,1,3,2,1,0,1,0,3,4,2,3,2,1,4,0,0,1,2,0,7.49,2
2,3,3,1,0,3,0,3,2,2,1,2,1,0,4,0,0,0,1,0,6.15,1
1,3,3,1,1,1,1,0,3,3,1,3,2,2,4,0,0,1,2,0,5.12,1
2,3,3,1,0,2,2,2,3,3,2,2,1,1,4,0,0,1,2,0,4.54,1
1,3,2,0,0,0,0,0,4,2,0,2,1,1,4,0,0,0,2,0,4.402879728966687,1
2,3,3,1,0,1,0,1,4,2,2,2,1,1,4,0,0,0,2,0,6.927583286278939,2
2,3,4,1,0,1,0,1,2,5,1,2,1,1,4,1,0,0,2,0,4.630152456239413,1
2,3,4,1,0,1,1,3,3,2,0,2,1,0,4,0,0,0,2,0,6.620553359683794,2
2,3,3,1,0,1,0,2,3,2,0,2,1,0,4,0,0,0,0,0,5.953557312252964,1
1,3,3,1,0,1,0,1,4,2,0,3,3,1,1,1,0,1,2,0,2.61829474872953,0
1,2,4,1,1,0,4,0,2,2,1,3,1,0,0,1,0,1,2,1,0.86,0
0,1,0,2,0,1,5,0,1,1,2,3,2,1,0,1,0,0,2,2,1.47,0
0,3,2,1,1,0,5,0,1,2,2,2,3,1,0,1,0,1,1,1,1.592603049124788,0
0,3,3,0,0,0,4,0,2,2,1,2,3,3,2,1,0,1,2,0,3.635234330886505,1
0,3,3,0,0,0,4,0,2,2,0,3,2,2,0,1,0,1,1,0,1.641727837380011,0
1,1,3,0,0,1,1,1,2,4,1,2,0,1,1,1,0,0,2,0,0.38,0
2,3,3,1,0,1,0,1,1,4,0,2,3,1,4,1,0,0,1,0,2.396950875211744,0
1,3,3,1,0,1,1,1,1,5,1,2,2,1,4,1,0,0,1,0,1.843591191417278,0
0,3,3,0,0,0,0,0,2,5,0,2,1,1,3,1,0,0,2,0,1.43647656691135,0
1,3,4,0,0,0,2,0,2,5,1,2,3,1,0,0,0,0,1,1,1.893986448334274,0
1,1,3,4,0,2,2,1,1,1,2,3,2,1,4,1,0,1,1,0,1.902879728966685,0
1,2,3,2,3,0,2,0,0,0,1,4,1,0,0,0,0,1,0,1,5.296442687747035,1
1,3,3,5,2,1,1,1,1,0,1,2,3,1,1,1,1,1,2,1,2.476002258610954,0
0,3,5,2,0,4,0,0,3,2,2,2,0,0,0,0,0,0,2,1,6.28,1
1,2,3,1,0,0,1,0,4,3,2,1,1,0,2,1,0,1,2,0,0.86,0
2,3,3,0,0,0,0,1,1,5,0,2,2,1,4,0,0,0,2,0,7.461180124223602,2
3,3,3,2,0,3,0,3,1,2,1,2,1,0,4,0,0,0,2,0,6.74407114624506,2
2,3,3,1,0,1,0,3,0,3,1,2,1,0,4,0,0,0,2,0,6.546442687747036,2
2,3,3,1,0,1,0,2,1,4,0,2,0,0,0,0,0,0,2,0,8.221343873517789,2
3,0,3,1,0,2,0,2,2,4,0,2,1,0,4,0,0,0,2,0,6.74407114624506,2
1,2,5,0,0,0,5,0,2,1,2,2,1,0,3,0,0,1,2,0,1.4,0
1,2,3,2,1,1,4,1,2,0,1,1,0,1,2,0,0,0,0,0,-0.5714285714285713,0
0,3,5,0,0,0,1,2,3,3,0,2,0,0,0,0,0,0,2,0,6.640316205533598,2
0,2,3,3,0,3,0,2,0,2,2,2,1,0,2,0,0,1,0,1,0.3083003952569168,0
1,1,3,0,2,0,4,0,2,2,2,0,1,1,0,1,0,0,0,0,0.726990400903445,0
1,1,3,0,0,0,2,0,4,3,0,1,0,1,0,0,0,0,2,1,-0.3342744212309428,0
1,2,3,0,0,0,3,0,2,4,1,3,1,1,0,1,0,0,2,0,1.171654432523998,0
1,1,3,0,0,0,2,1,2,4,0,1,1,1,3,1,0,0,0,1,0.5580180688876342,0
1,3,3,2,0,2,2,1,3,2,1,2,1,1,1,0,0,1,0,0,0.6024844720496896,0
0,2,3,0,0,0,0,0,2,5,0,2,0,1,3,1,0,0,0,0,-0.2680688876341052,0
0,2,2,0,0,0,0,1,2,5,0,1,0,1,3,1,0,0,2,0,0.01355166572557872,0
1,2,2,0,0,0,1,0,1,6,1,3,3,0,0,0,0,1,2,0,1.813241106719368,0
1,3,2,4,0,2,0,1,0,3,2,2,1,0,3,0,0,0,0,0,0.7786561264822143,0
2,1,5,0,0,5,0,2,1,1,1,2,0,0,3,0,0,1,2,0,3.2,1
2,2,0,5,0,2,0,0,1,0,2,3,0,0,0,0,0,1,2,1,-0.25,0
1,1,5,3,2,2,2,2,2,2,1,2,1,0,2,0,0,1,0,0,0.4703557312252964,0
0,3,2,3,2,2,2,2,1,2,2,0,0,0,0,0,0,1,0,0,6.640316205533598,2
1,2,3,2,0,2,0,2,0,3,1,2,1,0,4,0,0,0,0,0,5.75592885375494,1
1,2,3,0,0,0,4,0,2,2,1,1,2,1,1,1,0,1,1,1,0.8949745906267642,0
1,2,5,2,0,4,1,3,2,1,2,3,1,0,4,0,0,1,2,0,4.229249011857707,1
2,3,5,1,0,3,0,2,4,1,2,2,0,0,0,0,0,0,2,1,7.87,2
0,2,5,0,0,2,0,2,3,2,0,2,0,0,0,0,0,0,0,0,4.268774703557312,1
0,2,5,1,0,2,0,2,0,5,2,2,2,0,0,0,0,1,2,0,1.36,0
1,3,5,0,0,1,0,2,2,2,0,2,0,0,4,0,0,0,2,0,5.50395256916996,1
2,2,3,2,0,0,3,2,4,1,2,2,0,1,4,0,0,1,2,0,4.36,1
1,3,5,0,0,3,0,3,2,3,2,2,0,0,4,0,0,1,2,0,0.1383399209486164,0
1,1,2,0,0,0,1,0,2,0,1,2,1,0,0,0,0,0,2,0,0.864624505928854,0
1,3,5,0,0,1,0,3,4,1,0,2,1,0,0,0,0,0,2,0,7.430830039525692,2
0,3,5,0,0,0,0,2,3,3,0,2,0,0,0,0,0,0,2,0,6.640316205533598,2
1,3,5,1,0,2,0,2,3,2,2,2,0,0,0,0,0,0,2,0,9.21,2
2,1,5,0,0,2,0,2,4,2,2,2,0,0,0,0,0,0,2,0,10.0,2
1,3,5,2,0,3,0,2,3,1,0,2,0,0,0,0,0,0,2,0,7.430830039525692,2
0,3,5,1,0,3,0,4,0,5,2,2,0,0,0,0,0,0,2,0,8.42,2
0,3,5,0,0,2,1,3,3,1,2,2,0,0,0,0,0,0,2,0,8.41897233201581,2
2,3,5,3,0,2,0,2,3,0,1,3,0,0,0,0,0,0,2,0,9.41,2
1,3,3,0,0,0,0,2,0,5,0,1,0,1,4,0,0,1,0,1,-0.6900056465273857,0
1,3,3,3,0,0,4,0,0,0,2,3,2,2,0,1,0,1,2,1,2.09,0
1,3,3,1,1,0,2,0,2,4,2,2,2,1,2,0,0,0,2,0,2.1,0
1,2,3,0,0,0,2,0,1,5,2,1,2,1,2,1,0,0,2,1,1.66,0
1,1,3,0,0,0,1,0,0,5,2,2,1,1,3,1,0,0,2,1,1.49,0
2,3,1,0,1,0,3,0,2,3,0,1,4,1,4,1,0,0,2,0,5.756634669678149,1
2,2,4,0,0,0,5,0,1,0,2,2,2,0,2,0,0,0,2,1,1.92,0
1,2,3,0,0,0,0,0,4,4,2,2,2,2,3,1,0,0,2,1,2.36,0
1,1,3,0,0,1,3,0,1,5,2,2,1,1,3,1,1,1,2,0,1.52,0
1,1,3,1,0,0,3,0,4,3,2,2,2,0,2,1,0,1,2,0,1.42,0
1,2,1,5,0,2,0,0,0,0,2,3,1,0,4,0,0,0,2,1,6.02,1
1,2,5,1,1,0,2,0,1,4,2,1,2,1,3,0,0,1,2,1,4.46,1
1,2,2,0,4,0,2,0,1,1,1,0,2,3,2,1,0,0,2,1,8.13,2
0,1,3,0,0,2,1,0,1,5,2,3,1,0,4,0,0,1,2,0,1.11,0
1,3,4,3,0,3,0,0,2,2,2,2,2,2,3,1,0,0,2,1,2.55,0
2,2,3,2,0,2,0,2,3,2,1,2,0,0,4,0,0,0,2,0,5.479249011857707,1
1,2,4,3,0,1,0,0,4,0,2,2,0,0,0,1,0,1,2,1,-0.21,0
0,2,5,1,0,2,1,2,4,1,2,2,0,0,4,0,0,0,2,0,5.31,1
0,2,5,0,0,3,0,1,4,1,2,2,0,0,4,0,0,1,2,0,2.88,1
2,3,5,1,0,3,0,0,4,2,2,2,0,0,0,0,0,0,2,0,10.0,2
0,2,3,1,1,0,2,0,0,5,1,2,2,1,2,1,0,1,2,0,1.74,0
1,0,3,0,0,0,0,0,0,6,0,4,2,1,4,0,0,0,2,0,5.158808582721626,1
2,1,3,1,0,0,2,0,2,5,2,3,2,1,3,1,1,0,2,0,2.19,0
2,1,3,1,2,0,5,0,2,2,2,0,3,1,4,1,0,1,2,0,3.0,1
1,2,3,0,0,0,4,0,2,3,0,2,1,1,0,1,1,1,2,0,1.19,0
0,3,3,1,1,0,5,0,1,0,1,0,3,1,4,1,0,1,2,0,2.693393562958781,0
1,3,3,1,1,1,4,1,1,1,2,2,3,1,3,1,0,1,2,0,2.760587238848108,1
1,2,2,0,0,0,4,0,2,3,2,1,1,0,0,1,1,1,2,0,0.49,0
2,0,3,2,2,0,3,0,2,0,2,1,3,2,0,0,0,1,2,1,2.53,0
2,2,3,4,2,2,2,1,1,1,2,1,2,0,4,0,0,0,2,0,6.783596837944664,2
2,3,3,3,2,2,3,1,1,1,2,2,3,0,4,0,0,0,2,0,7.613636363636362,2
1,1,3,1,1,0,3,0,4,2,2,2,1,0,1,0,0,0,2,0,3.73,1
1,1,3,1,0,1,0,1,1,5,1,0,2,1,4,0,0,0,2,0,7.411773009599097,2
0,2,3,1,1,1,2,0,2,3,1,1,2,1,4,1,0,0,2,0,4.368294748729531,1
1,3,3,0,0,0,1,0,1,6,0,1,3,1,4,1,0,1,2,0,5.02540937323546,1
0,3,3,0,0,0,0,0,1,6,0,2,3,1,1,0,0,0,2,0,2.18351214003388,0
3,1,5,1,0,2,0,3,2,2,0,2,0,0,0,0,0,0,2,0,9.01,2
1,0,5,2,0,2,0,1,3,2,2,2,0,0,0,0,0,0,2,0,9.21,2
1,3,5,0,0,0,2,0,4,3,1,1,1,0,0,0,0,1,2,0,7.44,2
2,2,3,1,0,1,0,1,4,3,0,3,3,1,4,0,0,0,2,0,3.147939017504235,1
2,3,3,2,1,2,2,2,3,2,1,3,2,1,2,0,0,1,2,0,5.021456804065501,1
0,2,3,1,0,0,0,0,2,5,0,3,2,1,4,0,0,0,2,0,7.065923207227555,2
0,0,5,0,0,0,0,1,5,2,2,2,0,0,4,0,0,0,2,0,5.31,1
3,3,5,1,0,2,0,3,0,2,0,2,0,0,0,0,0,0,2,0,9.01,2
0,1,5,1,0,2,0,2,5,2,0,2,0,0,0,0,0,0,2,0,6.64,2
2,3,3,0,0,1,0,2,4,2,0,2,2,0,4,0,0,0,2,0,7.080039525691701,2
2,3,3,1,0,2,2,3,3,3,0,2,0,0,0,0,0,0,2,0,8.221343873517789,2
3,3,3,1,0,1,0,2,2,3,0,2,1,0,4,0,0,0,2,0,6.74407114624506,2
2,3,3,1,0,1,0,2,3,3,0,2,1,0,0,0,0,0,2,0,6.101778656126483,1
1,1,3,0,0,0,2,0,1,5,2,3,1,1,3,1,0,1,2,1,1.37,0
1,3,2,0,0,0,1,0,3,4,2,2,1,0,4,0,0,1,2,0,3.77,1
0,2,1,0,0,0,2,0,0,5,2,1,1,1,3,1,0,0,2,1,0.88,0
0,2,1,0,0,0,2,0,2,5,2,2,1,0,2,1,0,1,2,1,0.6,0
1,2,3,0,0,0,0,0,1,1,0,1,1,1,4,1,0,1,2,0,1.112365894974591,0
0,2,3,0,3,0,0,0,2,4,2,1,2,2,0,1,0,0,2,2,1.51,0
0,2,1,6,0,0,0,1,1,0,2,1,1,0,2,1,0,0,2,1,0.52,0
0,2,3,5,0,2,0,2,0,0,2,2,1,1,4,0,0,0,2,1,4.21,1
1,3,3,3,0,0,1,0,4,0,1,0,1,0,0,1,0,1,2,2,0.87,0
1,3,5,2,0,2,2,0,3,1,2,2,0,0,0,0,0,0,2,0,9.209486166007906,2
0,3,5,3,0,4,0,0,2,0,2,2,0,0,0,0,0,0,2,1,6.28,1
1,3,5,0,0,3,0,1,4,0,2,2,0,0,4,0,0,0,2,1,3.05,1
0,3,5,0,0,3,0,0,4,2,2,2,0,0,0,0,0,0,2,1,6.28,1
1,1,3,2,0,4,0,2,3,1,2,2,1,0,3,1,0,0,2,1,1.2,0
0,3,5,0,0,2,0,1,4,3,2,2,0,0,0,0,0,0,2,1,6.28,1
0,2,0,1,0,3,0,2,4,1,2,2,0,0,0,0,0,0,2,1,6.28,1
2,3,5,1,0,4,0,0,3,0,2,2,0,0,4,0,0,1,2,1,3.22,1
2,3,5,0,0,3,2,0,3,1,2,2,0,1,3,0,0,1,2,1,3.53,1
1,3,5,2,0,2,0,3,4,0,0,2,0,0,0,0,0,0,2,0,7.43,2
1,3,5,4,0,2,0,2,3,1,2,2,0,0,0,0,0,0,2,0,9.21,2
1,0,5,1,0,4,0,3,3,1,2,2,0,0,0,0,0,0,2,0,9.21,2
1,2,1,2,2,0,4,0,2,1,2,3,2,0,2,0,0,1,2,1,1.51,0
0,1,3,0,0,0,5,0,0,3,2,1,2,1,0,0,0,0,2,1,1.34,0
0,2,3,0,1,0,4,0,2,1,1,0,2,2,0,1,0,1,2,1,2.04,0
0,3,3,0,1,0,4,0,2,3,2,1,2,1,0,1,0,1,2,1,1.31,0
0,2,3,0,2,0,5,0,0,0,2,1,2,2,0,1,0,0,2,1,1.81,0
1,2,5,5,1,0,0,0,0,2,0,2,0,0,0,0,0,1,2,0,7.43,2
1,3,5,0,0,0,1,0,5,2,1,1,1,0,4,0,0,1,2,0,4.6,1
2,1,3,2,1,1,5,0,2,2,1,1,1,2,0,1,0,1,2,0,1.6,0
0,2,2,4,0,2,2,1,2,2,0,0,0,1,0,1,0,1,2,1,0.0,0
0,2,3,2,2,1,3,0,3,1,0,1,1,0,3,0,0,1,2,0,3.4,1
1,3,5,1,0,3,1,1,3,2,2,2,0,0,1,0,0,0,2,1,5.06,1
0,2,5,0,0,0,0,0,0,6,2,2,3,2,1,0,0,1,2,1,2.66,0
0,2,3,0,3,0,3,0,1,2,2,0,3,2,1,0,0,1,2,1,2.72,1
1,3,5,0,4,0,2,0,2,1,2,4,3,0,0,0,0,0,2,0,10.4,2
1,2,5,4,0,2,0,0,3,1,2,2,1,0,0,0,0,1,2,1,3.73,1
0,1,4,1,0,2,0,0,4,3,2,2,1,0,2,1,0,1,2,1,0.74,0
1,3,4,0,0,0,0,0,4,4,2,2,2,1,3,1,0,0,2,1,2.04,0
1,3,3,1,0,1,0,1,0,0,1,2,1,0,4,0,0,0,2,0,6.35,1
1,3,3,2,0,2,0,2,3,1,1,2,1,0,4,0,0,0,2,0,6.35,1
2,3,3,5,0,1,0,1,1,0,1,3,0,0,4,0,0,0,2,0,5.48,1
2,3,3,3,0,3,0,3,2,1,0,2,0,0,4,0,0,0,2,0,5.48,1
1,1,3,1,0,0,1,0,3,3,1,2,3,2,3,1,0,0,2,0,3.082439299830604,1
2,3,3,0,0,1,0,3,3,2,0,2,1,0,4,0,0,0,2,0,6.546442687747036,2
0,3,1,1,1,0,4,0,2,1,1,1,3,1,0,0,0,1,2,1,1.632128740824393,0
2,3,3,2,0,3,0,2,2,3,0,2,2,0,4,0,0,0,2,0,7.080039525691701,2
1,2,3,5,2,2,2,1,1,0,2,2,1,0,3,0,0,1,1,0,3.58498023715415,1
1,2,3,1,0,0,0,0,3,4,0,2,2,1,4,0,0,0,1,0,2.0214568040655,0
0,3,3,1,0,1,1,0,4,2,1,3,3,1,1,1,0,0,2,0,2.450310559006211,0
1,3,4,0,0,1,1,1,1,5,1,4,1,1,2,1,0,1,2,0,1.800112930547713,0
2,3,3,4,1,2,2,1,2,0,0,2,1,0,4,0,0,0,2,0,6.546442687747036,2
2,3,3,1,0,2,0,2,2,2,0,2,0,0,0,0,0,0,2,0,8.22,2
2,3,3,0,0,3,0,1,4,0,0,2,1,0,4,0,0,0,2,0,6.55,2
1,1,3,0,1,1,2,1,4,2,1,1,3,1,2,1,0,0,2,0,5.18,1
2,3,3,1,0,2,0,3,4,1,0,2,1,0,0,0,0,0,2,0,8.22,2
2,3,3,2,0,2,1,2,4,1,0,3,1,0,4,0,0,0,2,0,6.55,2
1,3,3,0,3,0,3,0,3,0,1,4,3,1,4,0,0,0,2,0,8.09,2
0,3,3,4,2,1,1,1,2,0,1,3,1,1,4,0,0,0,2,0,6.53,2
0,3,1,1,1,0,5,0,1,0,1,1,3,1,0,1,0,1,2,0,1.77,0
2,3,3,5,0,2,0,0,0,0,1,2,0,0,0,0,0,0,2,0,9.41,2
