OF22,OF26,OF27,F17,F20,F21,F23,F24,F28,F29,F33,F34,F36,F38,F41,F42,F44,F49,F63,F65,PR,PR_Function
1,4,1357,1,1,3,1,1,1,1,0,0,0,0,0,0,1,1,0.0,6.19,3.55,1
1,3,1337,2,1,3,0,3,1,0,0,0,0,0,0,0,1,0,0.0,5.578095744680851,4.22,1
0,3,1418,1,1,3,1,0,1,1,0,0,0,0,0,0,1,1,0.0,5.82,3.17,1
0,3,1340,2,2,2,1,1,1,1,0,0,0,0,1,0,1,0,0.0,7.13,3.94,1
1,3,1357,0,0,2,1,1,1,4,4,2,1,0,1,0,0,0,0.0,4.16,4.93,1
0,3,1418,0,1,2,1,0,1,1,0,0,0,0,1,0,1,0,0.0,6.17,3.33,1
0,2,1407,2,1,3,2,0,1,1,0,0,0,0,1,0,0,0,0.0,6.35,3.56,1
1,3,1426,1,1,3,2,1,1,1,0,0,0,0,0,0,0,0,0.007692307692307693,6.02,5.67,2
0,3,1523,1,0,3,1,1,1,1,0,0,0,0,1,0,0,0,0.0,6.31,4.07,1
1,3,1363,0,1,3,0,4,0,0,0,0,0,0,0,0,0,0,0.007692307692307693,5.578095744680851,10.0,0
1,3,1428,1,2,3,1,1,1,1,0,0,0,0,1,0,0,1,0.0,6.57,4.14,1
0,3,1345,1,2,0,1,1,1,1,3,2,0,0,1,0,1,0,0.0,6.4,3.17,1
1,3,1380,1,1,2,1,2,1,1,0,0,0,0,1,0,1,1,0.0,6.42,4.09,1
1,2,1380,0,0,2,0,4,0,0,0,0,0,0,0,0,0,0,0.0,5.578095744680851,10.0,2
2,3,1337,2,0,2,1,1,1,1,4,4,0,0,1,0,1,0,0.0,4.45,4.18,1
2,2,1363,0,0,2,0,3,1,0,0,0,0,0,0,0,0,0,0.0,3.77,10.0,0
1,3,1496,0,1,2,3,0,1,1,3,3,1,0,1,0,0,0,0.007692307692307693,4.68,5.75,2
1,3,1421,0,0,2,0,4,0,0,0,0,0,0,0,0,2,0,0.0,4.5,3.95,1
2,3,1437,0,1,2,0,4,0,0,0,0,0,0,0,0,0,0,0.0,3.65,10.0,2
2,3,1493,1,1,2,1,3,1,1,0,0,0,0,0,0,0,0,0.0,3.69,10.0,2
1,2,1881,2,0,2,3,0,1,1,3,2,2,1,1,0,0,0,0.0,7.09,3.84,1
2,3,1854,0,2,2,1,3,1,1,0,0,0,0,0,0,0,0,0.007692307692307693,4.52,10.0,2
1,3,1730,1,1,2,3,0,1,1,2,1,1,1,1,0,0,0,0.0,7.03,4.22,1
2,3,1730,0,0,3,1,1,1,1,3,4,2,0,0,0,0,0,0.0,6.5,4.47,1
1,3,2078,2,1,4,3,0,1,1,2,2,1,0,1,0,0,0,0.0,6.33,2.55,0
1,3,1933,2,1,3,3,0,1,1,3,3,1,1,1,0,0,0,0.0,7.22,3.56,1
1,3,1933,0,1,2,4,0,1,2,3,1,1,1,1,0,0,0,0.0,7.03,4.28,1
1,1,1854,1,1,3,1,1,1,1,4,2,2,0,1,0,0,0,0.007692307692307693,5.18,4.91,1
0,2,1865,1,1,4,2,0,1,1,4,4,1,0,1,0,0,0,0.007692307692307693,4.18,2.45,0
1,3,1815,0,1,1,3,0,1,1,2,4,1,0,1,0,0,0,0.0,5.19,3.72,2
2,3,1954,0,1,3,1,0,1,1,0,0,0,0,1,0,0,0,0.0,6.33,4.1,1
2,3,1339,2,2,3,0,2,0,0,0,0,0,0,0,0,0,0,0.0,6.49,10.0,2
0,3,1608,0,1,3,1,4,1,0,0,0,0,0,1,0,0,1,0.0,6.951,4.15,1
2,3,1887,3,1,2,1,2,1,1,0,0,0,0,1,0,1,0,0.0,6.67,4.62,1
1,3,1985,2,1,0,1,2,1,1,0,0,0,0,1,1,1,1,0.0,6.56,2.93,0
2,3,1408,0,0,2,0,4,0,0,0,0,0,0,0,0,0,0,0.0,5.578095744680851,10.0,2
1,3,1624,1,2,3,2,1,1,1,0,0,0,0,0,0,1,0,0.0,5.48,10.0,2
2,3,2075,0,1,2,0,4,0,0,0,0,0,0,0,0,0,0,1.0,7.12,10.0,2
1,3,1579,2,1,3,2,0,2,2,3,2,2,0,0,0,1,0,0.0,5.95,4.0,1
2,3,1698,0,2,2,0,3,1,1,0,0,0,0,0,0,1,0,0.0,3.9,5.2,1
1,2,1624,2,0,2,2,1,1,2,2,0,1,0,0,0,0,0,0.0,6.07,4.727377224157548,1
2,3,1579,0,2,2,1,3,1,1,4,3,2,0,0,0,0,0,0.0,3.96,10.0,2
2,4,1859,0,1,2,3,0,1,1,2,4,1,0,1,0,0,0,0.0,3.6,4.976322011263424,1
2,4,1677,0,0,2,1,3,0,0,0,0,0,0,0,0,0,0,0.0,3.89,10.0,2
2,3,1464,0,0,2,0,4,0,0,0,0,0,0,0,0,0,0,0.0,4.04,10.0,2
1,3,1985,0,0,3,1,0,1,1,3,4,2,1,1,0,1,0,0.0,6.85,3.465797362260997,1
1,4,1799,1,1,3,2,3,0,1,0,0,0,0,1,0,1,1,0.007692307692307693,5.578095744680851,5.43,1
0,0,1666,3,2,3,2,2,1,1,0,2,0,0,1,0,0,2,0.0,5.578095744680851,2.84,0
0,2,1632,1,2,2,1,1,1,2,0,0,0,0,1,0,1,1,0.0,6.42,3.86914354749254,1
0,3,1516,1,1,2,1,0,3,1,0,0,0,0,1,0,1,0,0.0,6.97,3.374174554582029,1
0,3,1348,1,0,3,1,0,2,2,0,0,0,0,1,0,1,0,0.0,7.89,3.480289008527159,1
1,3,1677,0,1,2,1,2,1,1,0,0,0,0,1,0,0,0,0.0,5.578095744680851,4.26,1
2,3,1455,0,0,2,2,0,1,4,4,3,2,0,1,0,0,0,0.0,6.43,4.34436384779465,1
1,3,1609,0,1,2,3,0,1,1,3,3,1,0,1,0,0,0,0.0,6.28,4.173023078121778,1
0,3,1516,0,0,2,3,0,1,1,2,3,0,0,1,0,0,0,0.0,6.02,4.161340752916811,1
1,4,1329,1,1,2,1,0,1,1,0,0,0,0,0,0,0,1,0.0,6.92,3.968443311734772,1
1,3,1486,0,2,3,2,1,1,1,0,0,0,0,1,0,1,0,0.0,6.16,3.490997806631714,1
1,3,1538,0,1,4,0,5,0,0,0,0,0,0,0,0,1,1,0.0,6.62,1.413490974348147,0
1,3,1342,3,1,2,1,2,1,1,0,0,0,0,1,1,1,1,0.0,7.35,3.615609275484711,1
0,5,1670,0,2,2,0,5,0,0,0,0,0,0,0,0,0,1,0.007692307692307693,5.578095744680851,10.0,2
1,3,1697,2,2,1,3,2,0,2,4,3,2,0,1,0,1,0,0.007692307692307693,5.578095744680851,5.13,1
2,3,1512,0,0,2,2,1,1,1,5,2,0,0,0,0,0,0,0.0,6.31,10.0,2
3,3,1551,0,1,2,0,4,0,0,0,0,0,0,0,0,0,0,0.0,3.63,10.0,2
2,3,1551,0,1,2,0,4,0,0,0,0,0,0,0,0,0,0,0.0,3.53,10.0,2
2,3,1692,0,0,2,0,5,0,0,0,0,0,0,0,0,0,0,0.0,4.65,10.0,2
3,3,1358,0,0,2,0,4,0,0,0,0,0,0,0,0,0,0,0.0,4.85,10.0,2
1,5,1945,3,2,2,3,2,0,0,0,0,0,0,0,0,1,0,0.007692307692307693,5.578095744680851,6.23,2
1,3,1950,1,1,1,1,4,1,1,0,0,0,0,0,0,0,0,0.007692307692307693,5.578095744680851,5.200511394958771,1
0,5,2092,0,0,2,0,5,0,0,0,0,0,0,0,0,0,0,0.0,5.578095744680851,10.0,2
0,3,2254,3,2,2,1,3,0,1,0,0,0,0,0,0,1,1,0.007692307692307693,5.578095744680851,5.665857348956685,2
1,3,2272,3,2,0,3,4,1,0,0,0,0,0,1,0,0,0,0.007692307692307693,5.578095744680851,3.374174554582029,1
1,3,2241,1,0,1,1,4,1,1,0,0,0,0,0,0,0,1,0.007692307692307693,5.578095744680851,4.471756822648831,1
1,3,2065,1,1,3,1,4,1,1,0,0,0,0,1,0,0,0,0.007692307692307693,5.578095744680851,5.681155631963191,2
1,3,1893,0,0,1,3,2,1,1,3,1,1,0,1,0,0,1,0.007692307692307693,5.578095744680851,4.22531539094402,1
1,3,1955,0,1,2,2,3,1,2,0,0,0,0,0,0,1,0,0.0,5.578095744680851,4.205566698335621,1
0,3,2314,0,0,2,3,1,1,2,0,0,0,0,1,0,0,0,0.007692307692307693,5.578095744680851,6.264159289811141,2
0,2,2254,0,0,1,3,1,1,2,3,3,2,0,1,0,0,0,0.0,5.578095744680851,3.822553321972724,1
1,2,2118,0,1,3,1,1,0,0,0,0,0,0,0,0,1,0,0.0,5.578095744680851,3.357346443274871,1
1,2,1950,1,2,2,0,4,0,0,0,0,0,0,0,0,0,0,0.007692307692307693,5.578095744680851,6.425208487279637,2
2,5,1945,3,1,2,1,4,0,0,0,0,0,0,0,0,1,0,0.007692307692307693,5.578095744680851,6.82,2
2,0,2017,0,2,3,1,4,0,0,0,0,0,0,0,0,1,1,0.007692307692307693,5.578095744680851,4.24,1
1,5,2236,0,1,2,1,3,0,0,0,0,0,0,0,0,1,0,0.007692307692307693,5.578095744680851,6.518667088919388,2
0,2,2272,0,2,0,0,5,0,0,0,0,0,0,0,0,1,0,0.007692307692307693,5.578095744680851,4.112108096695872,1
1,3,1971,0,1,2,1,3,0,0,0,0,0,0,0,0,0,0,0.0,5.578095744680851,5.116788064323164,2
1,3,2146,1,1,1,2,3,1,1,0,0,0,0,1,0,1,1,0.007692307692307693,5.578095744680851,3.658444467902927,1
1,5,2141,0,2,3,1,3,0,0,1,0,0,0,0,0,1,0,0.007692307692307693,5.578095744680851,6.277232368016703,2
2,5,2039,0,2,2,0,5,0,0,0,0,0,0,0,0,0,1,0.0,5.578095744680851,10.0,2
0,5,2092,0,0,2,0,5,0,0,0,0,0,0,0,0,0,0,0.007692307692307693,5.578095744680851,10.0,2
0,5,2026,2,2,2,1,4,0,0,0,4,0,0,0,0,1,0,0.007692307692307693,5.578095744680851,6.71,2
1,5,2314,0,0,2,1,4,0,2,0,0,0,0,0,0,0,0,0.007692307692307693,5.578095744680851,10.0,2
2,3,2140,0,2,2,1,4,1,2,0,0,0,0,0,0,1,0,0.007692307692307693,5.578095744680851,6.920733781390384,2
1,5,2141,0,2,2,3,1,0,1,4,2,0,0,0,0,1,0,0.007692307692307693,5.578095744680851,6.467487378497618,2
1,2,1971,0,1,2,0,3,0,1,0,0,0,0,0,0,0,0,0.0,5.578095744680851,4.911930147336039,1
1,5,1903,0,0,2,0,5,0,0,0,0,0,0,0,0,0,0,0.007692307692307693,5.578095744680851,10.0,2
0,5,2192,0,0,2,0,5,0,0,0,0,0,0,0,0,0,0,0.007692307692307693,5.578095744680851,10.0,2
1,5,2039,0,2,2,0,5,0,0,0,0,0,0,0,0,0,0,0.007692307692307693,5.578095744680851,10.0,2
2,5,2181,0,2,2,0,5,0,0,0,0,0,0,0,0,0,0,0.007692307692307693,5.578095744680851,10.0,2
1,5,2181,0,0,2,0,5,0,0,0,0,0,0,0,0,0,0,0.0,5.578095744680851,10.0,2
0,5,2139,0,2,2,0,5,0,0,0,0,0,0,0,0,0,0,0.0,5.578095744680851,10.0,2
0,5,2039,0,2,2,0,5,0,0,0,0,0,0,0,0,0,0,0.0,5.578095744680851,10.0,2
2,5,2038,0,1,3,1,5,0,0,0,0,0,0,0,0,0,0,0.007692307692307693,5.578095744680851,10.0,2
1,3,2272,1,0,1,3,2,1,2,4,1,2,0,0,0,1,1,0.0,5.578095744680851,3.082394575057934,1
1,3,1974,3,2,3,2,3,2,1,0,0,0,0,1,0,1,1,0.0,5.578095744680851,3.43,1
1,3,1865,2,2,2,3,1,1,1,3,4,0,0,0,0,0,0,0.0,5.578095744680851,4.47,1
1,3,2034,2,2,1,3,1,1,1,3,1,0,0,1,0,0,1,0.0,5.578095744680851,3.27,1
1,3,1904,1,2,2,3,1,1,1,2,1,0,0,1,0,0,1,0.0,5.578095744680851,3.94,1
2,1,1706,0,0,1,1,0,1,1,0,0,0,0,1,0,0,0,0.0,7.2,3.243721923126547,1
2,4,2083,3,2,2,3,1,0,0,0,0,0,0,0,0,0,1,0.007692307692307693,5.578095744680851,5.56,2
1,3,1846,0,2,2,3,1,2,2,3,3,2,0,1,0,0,1,0.0,5.578095744680851,4.33,1
1,3,1846,1,2,2,2,1,1,1,4,2,2,0,1,1,1,0,0.0,5.578095744680851,3.78,1
1,3,2041,3,2,2,3,1,0,1,3,2,1,0,1,0,1,0,0.007692307692307693,5.578095744680851,5.65,2
1,1,1947,1,2,3,1,4,0,0,0,0,0,0,0,0,0,1,0.007692307692307693,5.578095744680851,10.0,2
1,5,2077,0,2,1,3,0,1,1,1,0,0,0,0,0,1,1,0.007692307692307693,5.578095744680851,4.24,1
1,2,2024,3,1,0,1,3,3,1,2,4,0,0,1,0,0,1,0.007692307692307693,5.578095744680851,10.0,2
0,3,1833,0,2,3,4,1,0,1,4,2,0,0,0,0,1,0,0.007692307692307693,5.578095744680851,4.78,1
1,4,1835,2,2,2,2,3,2,1,0,0,0,0,1,0,0,1,0.007692307692307693,5.578095744680851,4.95,1
2,3,1911,0,1,2,0,4,0,0,0,0,0,0,0,0,0,0,0.0,5.578095744680851,10.0,2
1,4,1669,1,2,2,1,4,0,0,0,0,0,0,1,0,1,1,0.007692307692307693,5.578095744680851,5.24,1
0,5,2026,0,2,2,1,4,0,0,0,0,0,0,0,0,0,0,0.007692307692307693,5.578095744680851,10.0,2
0,5,2008,0,2,2,2,2,0,0,0,0,0,0,0,0,1,0,0.007692307692307693,5.578095744680851,6.82,2
2,5,1824,0,2,2,1,5,0,0,0,0,0,0,0,0,0,0,0.007692307692307693,5.578095744680851,10.0,2
0,3,1991,0,1,2,3,1,1,1,2,3,1,0,1,0,1,0,0.007692307692307693,5.578095744680851,5.45,1
1,3,2011,3,0,4,2,1,1,1,0,0,0,0,0,0,0,0,0.0,6.38,2.886854703174771,0
2,3,1936,1,2,3,2,3,1,1,4,3,0,0,1,1,0,0,0.007692307692307693,6.83,5.89,2
2,3,2188,2,2,0,1,1,1,0,4,4,2,0,1,0,1,0,0.0,6.37,2.83,0
1,3,1657,3,0,2,2,3,1,1,0,0,0,0,1,1,1,0,0.007692307692307693,5.578095744680851,5.3,1
0,3,2003,1,1,0,1,1,1,1,0,0,0,0,1,0,1,0,0.0,6.41,3.163892700892594,1
1,3,2194,2,2,2,2,1,1,1,0,0,0,0,1,0,1,0,0.0,5.02,3.72853841913274,1
1,2,1757,3,2,1,1,4,0,0,0,0,0,0,1,1,1,0,0.007692307692307693,5.578095744680851,4.44,1
2,3,1883,2,2,1,1,2,2,1,0,0,0,0,0,0,1,1,0.0,5.578095744680851,3.19,1
2,3,1911,1,2,1,0,3,0,0,0,0,0,0,0,0,0,0,0.0,5.49,10.0,2
2,3,2217,1,2,2,1,1,0,0,0,0,0,0,0,0,0,0,0.0,6.43,10.0,2
1,3,1853,0,2,2,3,1,0,1,2,4,0,0,0,0,0,0,0.0,5.578095744680851,5.22,1
1,3,1916,1,1,0,3,1,1,1,2,1,0,1,0,0,0,0,0.0,5.578095744680851,10.0,2
0,3,2009,1,1,1,2,1,1,2,4,2,2,0,1,0,0,0,0.0,5.3,4.423080467628129,1
1,3,2194,1,0,1,1,0,1,2,4,2,1,1,1,0,1,0,0.0,6.52,3.514974388361911,1
0,3,2224,0,0,2,1,1,1,1,2,2,1,0,0,0,0,0,0.0,6.25,4.559374261686095,1
3,5,2183,0,0,2,0,5,0,0,0,0,0,0,0,0,0,0,0.007692307692307693,5.57,10.0,2
1,5,1801,0,2,2,0,5,0,0,0,0,0,0,0,0,0,0,0.0,5.578095744680851,10.0,2
1,5,1735,0,1,1,1,5,0,0,0,0,0,0,0,0,1,0,0.007692307692307693,5.578095744680851,6.05,1
2,3,1890,0,0,3,1,1,1,3,3,1,1,0,0,0,0,0,0.0,4.17,4.563335015589712,1
2,3,2043,0,1,3,2,1,1,1,0,0,0,0,0,0,1,0,0.0,4.41,3.841467562780769,1
0,3,1864,0,0,3,1,2,1,0,0,0,0,0,0,0,0,0,0.0,4.63,10.0,2
0,5,2146,0,2,2,1,4,0,0,0,0,0,0,0,0,0,0,0.007692307692307693,5.578095744680851,10.0,2
3,5,2175,0,0,2,0,5,0,0,0,0,0,0,0,0,0,0,0.0,4.47,10.0,2
0,5,2169,0,0,2,0,5,0,0,0,0,0,0,0,0,0,0,0.007692307692307693,5.578095744680851,10.0,2
2,3,1973,0,0,2,0,3,0,0,0,0,0,0,0,0,0,0,0.0,3.7,10.0,2
2,3,2166,0,0,2,0,5,0,0,0,0,0,0,0,0,0,0,0.0,4.03,10.0,2
3,3,2079,0,0,2,0,4,0,0,0,0,0,0,0,0,0,0,0.0,5.578095744680851,10.0,2
2,3,2283,0,0,2,0,4,0,0,0,4,0,0,0,0,0,0,0.0,4.43,10.0,2
1,3,2147,0,2,3,3,1,1,1,4,2,0,0,1,0,1,1,0.007692307692307693,5.578095744680851,4.47,1
1,2,2232,0,2,2,2,2,0,0,2,3,1,0,0,0,1,0,0.007692307692307693,5.578095744680851,5.96,2
0,1,2073,0,2,1,3,1,1,2,3,1,2,0,1,0,0,1,0.007692307692307693,5.578095744680851,4.15,1
0,1,2062,4,2,2,3,0,0,1,2,2,0,0,1,0,1,1,0.007692307692307693,5.578095744680851,4.69,1
1,3,2082,0,0,1,3,3,1,1,3,2,1,0,1,0,1,0,0.0,5.578095744680851,3.336624223566059,1
0,3,1970,3,2,1,3,2,2,2,0,0,0,0,1,0,0,2,0.007692307692307693,5.578095744680851,3.86,1
0,1,2207,3,2,1,2,4,0,1,0,0,0,0,1,0,0,1,0.0,5.578095744680851,3.52,1
0,3,2202,2,2,2,2,3,1,1,0,0,0,0,0,0,0,1,0.0,5.578095744680851,4.53,1
1,3,2065,3,1,0,1,3,0,2,0,0,0,0,1,0,1,2,0.007692307692307693,5.578095744680851,4.14,1
1,5,2082,0,2,2,0,5,0,0,0,0,0,0,0,0,0,0,0.0,5.578095744680851,10.0,2
0,5,2032,0,2,2,0,5,0,0,0,0,0,0,0,0,0,1,0.0,5.578095744680851,10.0,2
1,5,2180,0,2,2,1,4,0,0,0,0,0,0,0,0,0,1,0.007692307692307693,5.578095744680851,6.32,2
0,5,2111,0,2,2,0,5,0,0,0,0,0,0,0,0,0,1,0.0,5.578095744680851,10.0,2
1,3,2079,0,2,2,2,3,0,1,0,0,0,0,1,0,0,1,0.0,5.578095744680851,4.48,1
0,5,1943,0,2,2,0,5,0,0,0,0,0,0,0,0,0,1,0.007692307692307693,5.578095744680851,10.0,2
0,0,1888,0,2,2,0,5,0,0,0,0,0,0,0,0,0,1,0.007692307692307693,5.578095744680851,10.0,2
2,5,2232,0,2,2,2,3,0,1,0,0,0,0,0,0,1,1,0.0,5.578095744680851,5.18,1
2,5,2232,0,2,2,3,1,1,1,0,0,0,0,0,0,1,1,0.007692307692307693,5.578095744680851,5.18,1
1,5,2217,0,0,2,0,5,0,0,0,0,0,0,0,0,0,0,0.007692307692307693,5.578095744680851,10.0,2
1,5,2099,0,2,2,0,5,0,0,0,0,0,0,0,0,0,0,0.007692307692307693,5.578095744680851,10.0,2
1,5,1987,0,2,2,1,5,0,0,0,0,0,0,0,0,0,0,0.007692307692307693,5.578095744680851,10.0,2
1,1,2221,1,2,3,3,1,0,0,0,0,0,0,0,0,1,1,0.007692307692307693,5.578095744680851,3.74,1
0,3,2062,3,2,1,2,3,1,2,0,0,0,0,0,0,0,1,0.007692307692307693,5.578095744680851,4.95,1
0,3,2062,2,1,0,1,3,2,1,0,0,0,0,1,0,1,1,0.007692307692307693,5.578095744680851,3.39,1
0,3,2109,3,2,1,3,1,1,1,0,0,0,0,1,0,1,1,0.007692307692307693,5.578095744680851,3.61,1
0,3,1947,3,2,1,2,2,2,1,0,0,0,0,1,0,0,1,0.0,5.578095744680851,3.35,1
1,5,2228,0,0,2,0,5,0,0,0,0,0,0,0,0,1,0,0.007692307692307693,5.49,8.83,2
1,5,2038,0,1,1,0,4,0,0,0,0,0,0,0,0,1,0,0.007692307692307693,5.43,5.84,2
2,3,2122,1,1,1,1,4,2,1,0,0,0,0,1,0,1,0,0.007692307692307693,6.67,4.73,1
0,2,1767,3,0,0,1,4,1,0,0,4,0,0,1,0,1,1,0.007692307692307693,5.578095744680851,3.19,1
0,3,2026,3,0,1,1,4,0,0,0,0,0,0,0,0,1,0,0.007692307692307693,5.578095744680851,4.82,1
1,5,2029,0,2,2,1,3,0,0,0,0,0,0,0,0,0,1,0.007692307692307693,5.578095744680851,10.0,2
0,5,2169,0,2,2,3,0,2,1,2,3,1,0,0,0,1,1,0.0,5.578095744680851,3.95,1
0,3,1987,2,2,0,1,4,2,1,0,0,0,0,0,0,1,1,0.007692307692307693,5.578095744680851,3.76,1
1,5,2080,3,2,4,0,5,0,0,0,0,0,0,0,0,0,0,0.007692307692307693,5.578095744680851,10.0,2
1,5,1968,1,2,2,2,3,0,1,0,0,0,0,0,0,1,1,0.007692307692307693,5.578095744680851,6.19,2
0,4,1846,1,2,2,2,3,0,2,4,3,2,0,1,0,1,1,0.007692307692307693,5.578095744680851,6.59,2
1,4,1670,0,2,2,3,1,1,0,3,2,0,0,1,0,0,1,0.0,5.578095744680851,3.97,1
1,3,1329,2,1,2,1,4,0,0,0,0,0,0,0,0,0,0,0.0,6.57,10.0,2
1,3,1329,0,1,2,0,4,0,0,0,0,0,0,0,0,0,0,0.0,5.578095744680851,10.0,2
2,3,1342,0,1,3,0,4,0,0,0,0,0,0,0,0,0,0,0.0,4.01,10.0,2
2,3,1342,0,0,2,0,4,0,0,0,0,0,0,0,0,0,0,0.0,5.578095744680851,10.0,2
1,3,1426,3,1,2,2,0,2,1,3,4,1,0,1,0,0,0,0.0,6.43,4.131300488104034,1
2,3,1363,0,0,2,1,4,0,4,4,4,2,0,0,0,0,0,0.0,3.66,10.0,2
0,1,1907,1,1,1,2,0,1,1,0,0,0,0,0,0,1,1,0.0,6.39,2.102052784940993,0
2,3,1907,0,0,2,1,2,0,0,0,0,0,0,0,0,0,0,0.0,4.1,10.0,2
1,3,1479,1,2,2,1,4,0,0,0,0,0,0,0,0,1,0,0.0,6.51,5.274499454590239,1
1,3,1523,0,0,2,3,1,1,1,3,2,1,0,0,0,0,0,0.0,5.89,4.282892565168507,1
0,3,1523,1,1,3,2,0,1,1,2,2,1,0,1,0,0,0,0.0,5.578095744680851,3.967469784634358,1
1,4,1909,0,1,4,3,0,1,1,2,3,1,0,1,0,1,0,0.0,4.24,2.408991972171535,0
2,3,2195,0,0,2,0,4,0,0,0,0,0,0,0,0,0,0,0.0,5.578095744680851,10.0,2
2,3,2195,0,0,2,0,5,0,0,0,0,0,0,0,0,0,0,0.0,5.578095744680851,10.0,2
2,3,2009,2,0,2,1,4,0,0,0,0,0,0,0,0,0,0,0.0,3.45,10.0,2
1,3,2166,1,1,1,1,1,1,1,3,3,1,0,1,0,0,0,0.0,6.46,4.43,1
2,3,2241,0,0,2,0,5,0,0,0,0,0,0,0,0,0,0,0.0,5.578095744680851,10.0,2
2,3,2241,0,0,3,1,4,0,0,0,0,0,0,0,0,0,0,0.0,3.53,10.0,2
1,3,2341,0,1,4,0,1,1,0,0,0,0,0,0,0,0,0,0.0,5.13,10.0,2
0,3,2341,0,1,3,1,3,1,1,0,0,0,0,0,0,0,0,0.0,4.01,10.0,2
0,1,2292,2,1,1,1,0,1,1,0,0,0,0,1,0,1,0,0.0,6.32,2.65,0
2,3,2075,3,1,2,0,5,0,0,0,0,0,0,0,0,0,0,0.0,5.578095744680851,10.0,2
