OF8,OF17,OF18,OF23,OF24,WS_Benefit ,WS Benefit Score 
4,3,0.66,0,2,0.0,0
4,3,0.75,0,2,0.0,0
4,3,0.73,0,2,0.0,0
3,3,0.42,0,2,0.0,0
3,3,0.66,0,2,0.0,0
4,3,0.6,0,2,0.0,0
4,3,0.55,0,2,0.0,0
4,3,0.01,0,2,0.0,0
4,3,0.71,0,2,0.0,0
4,3,0.75,0,2,0.0,0
4,3,0.45,0,2,0.0,0
3,3,0.56,0,2,0.0,0
3,3,0.5,0,2,0.0,1
3,3,0.6,0,2,0.0,0
4,3,0.77,0,2,0.0,0
4,3,0.8,0,2,0.0,0
3,3,0.4,0,2,0.0,0
3,3,0.49,0,2,0.0,0
3,3,0.59,0,2,0.0,0
3,3,0.77,0,2,0.0,0
3,3,0.286,0,1,3.52,1
3,3,0.42,0,2,0.0,1
3,3,0.46,0,2,0.0,0
3,3,0.7,0,2,0.0,0
3,3,0.29,0,2,0.0,0
3,3,0.01,1,1,4.47,1
3,3,0.17,0,1,0.0,0
3,3,0.48,0,2,0.0,0
3,3,0.16,0,2,0.0,0
3,3,0.23,0,2,0.0,0
3,3,0.11,0,2,0.0,0
2,3,0.52,0,2,0.0,0
4,3,0.3,0,1,3.55,1
4,3,0.54,0,1,0.0,0
4,3,0.52,0,2,0.0,0
4,3,0.82,0,2,0.0,0
3,3,0.23,0,2,0.0,0
3,3,0.16,0,2,0.0,0
3,3,0.7,0,2,0.0,0
4,3,0.51,0,2,0.0,0
3,3,0.51,0,2,0.0,0
3,3,0.76,0,2,0.0,0
3,3,0.46,0,0,0.0,0
3,3,0.53,0,2,0.0,0
4,3,0.81,0,2,0.0,0
3,3,0.59,0,2,0.0,0
4,1,0.04,0,1,0.0,0
2,3,0.079,2,1,3.9,1
3,0,0.16,0,1,0.0,0
3,3,0.01,0,2,0.0,0
3,3,0.41,1,1,5.280298608754666,1
2,3,0.42,0,2,0.0,0
4,3,0.72,0,2,0.0,0
3,3,0.31,0,2,0.0,0
3,1,0.09,0,2,0.0,0
3,3,0.57,1,1,5.603013233797082,2
3,3,0.54,0,2,0.0,0
3,0,0.39,0,2,10.0,2
3,3,0.43,0,2,0.0,0
3,3,0.0787,1,2,0.0,0
3,2,0.1969,1,2,3.84,1
3,3,0.77,0,2,3.485198506956227,1
3,3,0.58,0,2,0.0,0
3,3,0.58,0,2,0.0,0
2,3,0.47,0,2,0.0,0
3,3,0.45,0,2,0.0,0
4,1,0.001,1,1,3.95,1
3,3,0.06,1,2,3.565877163216831,1
3,3,0.096,0,2,0.0,0
4,3,0.08,0,2,0.0,0
3,0,0.07,0,2,10.0,2
2,1,0.01,0,1,3.465028842891076,1
3,3,0.19,0,1,0.0,0
2,3,0.03,0,2,0.0,0
2,3,0.24,0,2,0.0,0
4,3,0.13,0,1,0.0,0
3,3,0.56,2,2,4.070118764845606,1
3,3,0.19,0,2,0.0,0
3,3,0.04,0,2,0.0,0
4,1,0.1,0,2,0.0,0
3,1,0.025,1,2,0.0,0
4,3,0.14,0,2,0.0,0
4,1,0.54,0,2,0.0,0
4,3,0.37,0,2,0.0,0
4,3,2146.0,0,1,0.0,0
2,0,0.25,1,2,10.0,2
3,1,0.212,0,2,0.0,0
4,3,0.12,0,2,0.0,0
3,1,0.03,0,2,0.0,0
3,3,0.26,0,2,0.0,0
4,0,0.27,0,1,10.0,2
1,1,0.25,2,2,3.9491007804547,1
4,3,0.2,0,2,0.0,0
3,3,0.13,0,2,0.0,0
4,3,0.22,0,2,0.0,0
2,3,0.005,1,2,0.0,0
2,3,0.03,2,2,0.0,0
3,3,0.12,0,2,0.0,0
3,3,0.146,1,2,3.74,1
3,3,0.38,1,2,0.0,0
4,1,0.061,0,2,0.0,0
3,0,0.22,0,2,10.0,2
3,1,0.28,0,1,0.0,0
2,1,0.1837,2,2,3.82,1
2,0,0.004,1,1,10.0,2
2,1,0.38,2,0,10.0,2
1,0,0.67,0,1,10.0,2
3,1,0.469,0,1,0.0,0
3,3,0.3122,1,1,3.85,1
2,1,0.49,0,2,0.0,0
0,1,0.05,0,1,0.0,0
3,3,0.156,0,2,0.0,0
3,1,0.603,0,2,0.0,0
3,0,0.005,1,2,10.0,2
2,3,0.38,2,2,3.71,1
2,3,0.528,1,2,3.14,1
1,0,0.17,0,2,10.0,2
3,1,0.907,0,2,0.0,0
3,1,0.03,0,2,0.0,0
3,1,0.47,0,2,0.0,0
3,2,0.28,0,2,0.0,0
4,1,0.322,0,1,0.0,0
3,3,0.34,0,1,0.0,0
2,3,0.3008,0,1,0.0,0
2,1,0.07,0,1,0.0,0
3,1,0.51,0,1,0.0,0
2,3,0.26,0,1,0.0,0
2,3,0.01,1,2,0.0,0
4,1,0.08,0,1,0.0,0
3,1,0.0202,0,2,0.0,0
3,3,0.86,0,2,0.0,0
2,3,0.1,0,1,3.14231421784866,1
3,1,0.3181,0,1,0.0,0
3,3,0.4,0,2,0.0,0
2,2,0.1345,0,2,0.0,0
3,3,0.1,0,1,0.0,0
3,3,0.01,0,2,0.0,0
3,1,0.82,0,2,5.31,1
3,1,0.17204,1,2,0.0,0
3,1,0.29,0,1,0.0,0
3,3,0.47,0,2,0.0,0
3,3,0.83,0,2,0.0,0
3,3,0.111,0,2,0.0,0
2,1,0.006,0,2,0.0,0
3,3,0.378,0,2,0.0,0
3,3,0.9,0,2,0.0,0
3,3,0.76,0,2,0.0,0
3,3,0.36,0,2,0.0,0
3,3,0.47,0,2,0.0,0
2,3,0.3,1,2,0.0,0
3,1,0.252,0,2,0.0,0
3,1,0.25,0,1,0.0,0
3,1,0.279,0,2,0.0,0
2,1,0.016,2,1,4.37,1
2,0,0.03,0,2,10.0,2
3,0,0.00085,1,2,10.0,2
2,1,0.086,0,2,0.0,0
2,0,0.75,2,0,10.0,2
3,1,0.1,0,0,3.65,1
2,3,0.2,0,2,0.0,0
2,0,0.634,1,2,10.0,2
3,1,0.0356,1,2,4.02,1
3,0,0.166,1,2,10.0,2
3,2,0.308,0,2,0.0,0
3,3,0.44,1,2,3.32,1
3,0,0.2115,2,2,10.0,2
3,1,0.127,0,2,0.0,0
3,1,0.106,0,2,0.0,0
3,1,0.49,0,2,0.0,0
1,0,0.865,2,2,10.0,2
3,0,0.29,2,2,10.0,2
3,1,0.5,1,2,3.95,1
2,3,0.412,2,1,5.79,2
3,1,0.08,2,0,10.0,2
3,0,0.005,0,2,10.0,2
3,0,0.279,1,1,10.0,2
3,3,0.36,1,2,4.17,1
3,3,0.25,0,2,0.0,0
3,2,0.37,1,1,5.26,1
2,1,0.26,0,0,3.72,1
3,1,0.3,0,2,0.0,0
4,1,0.6162,1,2,3.99,1
4,1,0.005,1,2,0.0,0
3,0,0.01,1,2,10.0,2
3,3,0.0129,0,2,0.0,0
3,1,0.16,0,2,0.0,0
4,2,0.52,0,2,0.0,0
3,3,0.038,1,1,3.16,1
3,3,0.72,0,2,0.0,0
3,3,0.72,0,2,0.0,0
2,3,0.41,0,1,0.0,0
2,3,0.41,0,1,0.0,0
3,3,0.07,0,2,0.0,0
3,3,0.76,0,2,0.0,0
3,3,0.24,0,2,0.0,0
3,3,0.24,0,2,0.0,0
3,3,0.56,0,2,0.0,0
3,3,0.08,0,2,0.0,0
3,3,0.62,0,2,0.0,0
3,3,0.53,0,2,0.0,0
2,3,0.6,0,2,0.0,0
2,3,0.6,0,2,0.0,0
2,3,0.39,0,1,0.0,0
3,3,0.35,0,2,0.0,0
3,3,0.31,0,1,0.0,0
3,3,0.15,0,2,0.0,0
3,3,0.12,0,2,0.0,0
3,3,0.18,0,2,0.0,0
3,3,0.26,0,2,0.0,0
3,3,0.16,0,2,0.0,0
